2 0.098199 0.128617 0.045790 0.041956
2 0.159397 0.128183 0.046658 0.042824
2 0.215820 0.123698 0.039714 0.044271
2 0.314128 0.122396 0.049696 0.046296
24 0.419379 0.100550 0.047526 0.030382
24 0.500760 0.098235 0.044054 0.030382
2 0.567057 0.111690 0.042969 0.041088
2 0.665365 0.106337 0.044271 0.044271
24 0.754991 0.096644 0.046007 0.035301
24 0.829102 0.093027 0.049262 0.032697
24 0.899523 0.090712 0.047309 0.030382
3 0.371202 0.201534 0.036241 0.043692
7 0.372179 0.279948 0.046007 0.036169
13 0.373372 0.362124 0.057075 0.039641
3 0.371636 0.448929 0.037543 0.055266
25 0.375868 0.526910 0.017361 0.048611
9 0.373155 0.622830 0.024523 0.069155
9 0.065647 0.264034 0.024523 0.071470
7 0.065864 0.378762 0.044054 0.035301
13 0.065755 0.481771 0.047743 0.038773
9 0.062609 0.611690 0.027995 0.078125
7 0.068685 0.704138 0.050130 0.032697
3 0.067491 0.795718 0.038628 0.058449
2 0.172852 0.853299 0.042752 0.051505
12 0.241536 0.847512 0.025174 0.050347
8 0.325738 0.843895 0.044271 0.039062
2 0.498589 0.847078 0.052300 0.050058
24 0.619900 0.825666 0.046224 0.033854
8 0.727865 0.842448 0.050347 0.037905
24 0.840386 0.827836 0.054905 0.041088
8 0.914497 0.846065 0.049479 0.033565
25 0.952582 0.724103 0.020182 0.047743
25 0.947266 0.603443 0.023872 0.076678
3 0.953234 0.494213 0.035373 0.061921
25 0.942491 0.399884 0.026910 0.064236
9 0.956814 0.307147 0.029080 0.063368
37 0.368707 0.120804 0.019531 0.022280
30 0.066840 0.136429 0.015191 0.017650
35 0.365126 0.843750 0.020616 0.024884
33 0.071289 0.859086 0.021918 0.021412
31 0.961372 0.101852 0.018229 0.021412
32 0.954753 0.837384 0.019314 0.028356
