27 0.622938 0.394965 0.051866 0.076389
16 0.691406 0.332176 0.044271 0.064236
16 0.699870 0.743056 0.042101 0.063079
16 0.681207 0.207031 0.035156 0.059317
16 0.693576 0.455874 0.039931 0.063947
17 0.625109 0.884115 0.048828 0.056424
17 0.212457 0.864439 0.050781 0.047743
14 0.131727 0.263021 0.053385 0.065972
14 0.123589 0.403212 0.051432 0.058160
14 0.122830 0.562211 0.050347 0.061343
14 0.114583 0.748264 0.052517 0.069444
26 0.545681 0.161314 0.055339 0.065104
26 0.335503 0.788050 0.057726 0.070891
29 0.189996 0.652633 0.051432 0.096354
27 0.624891 0.642650 0.041884 0.074074
28 0.366102 0.151186 0.058160 0.061053
28 0.279622 0.139757 0.058811 0.056134
28 0.575846 0.779659 0.064887 0.061053
28 0.252279 0.788773 0.050998 0.058449
29 0.625109 0.527054 0.048828 0.085359
29 0.619466 0.290654 0.045790 0.072049
28 0.451497 0.156395 0.057075 0.054688
28 0.410590 0.785156 0.054688 0.059317
26 0.497287 0.785156 0.054905 0.067419
15 0.599392 0.069734 0.041667 0.061343
15 0.497504 0.069589 0.047526 0.064525
15 0.407227 0.072772 0.039714 0.057002
15 0.322049 0.061343 0.042535 0.056134
15 0.225043 0.063223 0.042535 0.055845
29 0.191298 0.188947 0.048828 0.064236
27 0.193685 0.327691 0.050130 0.076100
27 0.192057 0.474682 0.059028 0.092882
17 0.296549 0.869068 0.040148 0.054109
17 0.381185 0.888021 0.045356 0.056134
17 0.466363 0.883102 0.046875 0.060764
17 0.542860 0.876302 0.048828 0.059896
16 0.695530 0.595197 0.042101 0.063079
