16 0.770616 0.344329 0.042101 0.081019
16 0.770291 0.651910 0.042752 0.077546
16 0.771267 0.498553 0.053385 0.068287
17 0.549154 0.813368 0.036675 0.054398
17 0.182834 0.825666 0.062717 0.076678
14 0.107747 0.454861 0.065755 0.089699
15 0.440213 0.168113 0.054036 0.070602
27 0.695095 0.584925 0.046875 0.081308
14 0.096246 0.644531 0.061849 0.077257
15 0.200629 0.180411 0.059679 0.069155
15 0.581814 0.176649 0.052517 0.074942
15 0.323025 0.166522 0.058377 0.067419
27 0.176649 0.383247 0.044271 0.084201
28 0.532878 0.296296 0.068793 0.068287
26 0.240885 0.731771 0.061632 0.056713
26 0.374674 0.290654 0.060981 0.055845
28 0.275933 0.295862 0.059679 0.065683
27 0.176758 0.514902 0.044922 0.085938
17 0.335503 0.819300 0.046441 0.078993
17 0.440538 0.801215 0.042101 0.064236
28 0.393446 0.713686 0.057292 0.065683
28 0.495877 0.716146 0.069878 0.083912
28 0.608832 0.713108 0.067925 0.080150
17 0.696832 0.803241 0.041667 0.064815
15 0.678060 0.160735 0.049696 0.067419
27 0.696832 0.443432 0.043403 0.073785
28 0.638129 0.311053 0.070095 0.068287
30 0.182726 0.307002 0.023003 0.029514
35 0.202148 0.292535 0.025391 0.031250
35 0.320747 0.286603 0.025608 0.031539
35 0.444661 0.285012 0.025608 0.031250
35 0.585069 0.294705 0.025608 0.031539
35 0.683268 0.305266 0.025391 0.031250
31 0.697483 0.317853 0.016493 0.026910
36 0.708876 0.354311 0.020616 0.028067
36 0.704536 0.506366 0.020616 0.028356
36 0.702799 0.654659 0.020616 0.028067
34 0.692708 0.701389 0.020399 0.028356
37 0.550022 0.721065 0.022786 0.026042
37 0.442491 0.723958 0.022569 0.026042
37 0.335069 0.724971 0.022569 0.026331
37 0.188911 0.736256 0.022786 0.026331
33 0.177192 0.725260 0.015842 0.023438
34 0.170898 0.640914 0.020616 0.031250
34 0.173828 0.455440 0.022135 0.030671
