1 0.636393 0.391927 0.040582 0.063368
1 0.639323 0.543837 0.030816 0.066262
1 0.642578 0.623987 0.034722 0.039641
1 0.147135 0.433883 0.039497 0.077257
1 0.318034 0.648872 0.027561 0.048900
1 0.638238 0.465422 0.032986 0.063368
2 0.558919 0.311632 0.043186 0.032407
2 0.648980 0.313368 0.040582 0.032407
3 0.525174 0.365885 0.036892 0.062789
3 0.524197 0.448495 0.032335 0.060764
8 0.523546 0.701244 0.048394 0.024595
14 0.252387 0.706308 0.026042 0.035880
9 0.149089 0.517650 0.020833 0.064236
9 0.306315 0.392795 0.017578 0.055845
9 0.513238 0.612558 0.027778 0.068866
12 0.363498 0.701389 0.026042 0.040509
13 0.312283 0.518084 0.038628 0.031539
13 0.310330 0.466869 0.036892 0.029803
13 0.314996 0.591580 0.035373 0.027488
14 0.084310 0.370370 0.041450 0.048032
14 0.271701 0.559462 0.028212 0.038484
14 0.258681 0.430122 0.024740 0.030961
14 0.258355 0.327112 0.023655 0.038484
15 0.448134 0.270544 0.036458 0.031829
15 0.712674 0.273727 0.030382 0.043403
15 0.606554 0.278356 0.025608 0.039352
16 0.784288 0.703125 0.024740 0.045139
17 0.315213 0.751302 0.039714 0.030382
17 0.734918 0.767072 0.036675 0.034144
17 0.485569 0.758536 0.025391 0.034433
22 0.435655 0.699074 0.060547 0.031250
22 0.490451 0.311487 0.049913 0.034433
22 0.182183 0.659578 0.049696 0.032697
22 0.417643 0.318576 0.042318 0.024884
22 0.357530 0.324363 0.047092 0.021991
23 0.150065 0.592448 0.024089 0.067419
23 0.731554 0.648003 0.016493 0.055845
23 0.727539 0.565972 0.018880 0.074653
23 0.387370 0.494792 0.026910 0.076389
23 0.387804 0.669126 0.023438 0.050637
26 0.683594 0.702691 0.039931 0.034433
27 0.725477 0.474248 0.026910 0.054398
28 0.611437 0.701389 0.040582 0.035880
29 0.718316 0.404514 0.033420 0.067708
23 0.384440 0.584635 0.027561 0.068576
23 0.394097 0.407263 0.030816 0.067419
3 0.517144 0.524884 0.037326 0.075810
