17 0.470052 0.533420 0.046875 0.063947
16 0.841688 0.446325 0.035373 0.051215
16 0.833550 0.789786 0.035590 0.056424
17 0.742079 0.890191 0.053168 0.042535
17 0.315321 0.877604 0.050781 0.065394
17 0.428277 0.866175 0.042752 0.043692
17 0.626845 0.881221 0.048394 0.050637
17 0.616102 0.742766 0.038194 0.044560
17 0.716363 0.530093 0.040365 0.047454
17 0.595378 0.532263 0.048394 0.050637
17 0.353950 0.532986 0.042969 0.049190
14 0.232205 0.578125 0.037760 0.056134
15 0.774523 0.223090 0.051215 0.052083
15 0.651693 0.217448 0.055990 0.052373
15 0.519748 0.219184 0.049479 0.052373
14 0.204319 0.411603 0.046658 0.052951
14 0.206055 0.337384 0.037543 0.046296
14 0.198676 0.479745 0.035807 0.038194
16 0.831814 0.674769 0.036458 0.046296
15 0.404188 0.225260 0.047526 0.052373
22 0.677409 0.827691 0.067491 0.043113
22 0.568685 0.823495 0.067925 0.042245
22 0.337348 0.300203 0.068793 0.041956
22 0.456272 0.299045 0.070964 0.044271
22 0.594293 0.294705 0.071832 0.043113
22 0.709744 0.294850 0.065321 0.041088
16 0.843967 0.305122 0.042535 0.046586
23 0.779948 0.387442 0.032118 0.075231
22 0.658203 0.447917 0.076389 0.045718
22 0.531901 0.444734 0.063802 0.046875
22 0.409831 0.445602 0.067057 0.048611
23 0.288628 0.519531 0.031250 0.074363
15 0.397786 0.622975 0.039062 0.047454
17 0.510959 0.734809 0.036241 0.041956
22 0.460612 0.670428 0.070530 0.042824
23 0.291124 0.651042 0.033637 0.081019
14 0.230252 0.717593 0.039497 0.055556
22 0.376628 0.794271 0.067925 0.038773
22 0.472114 0.805411 0.054036 0.043692
23 0.775825 0.737269 0.032118 0.082176
22 0.674045 0.681134 0.072917 0.044560
22 0.560113 0.676649 0.069878 0.041377
23 0.778646 0.510561 0.034722 0.078993
16 0.831706 0.563802 0.034939 0.050058
23 0.776150 0.624855 0.030599 0.070891
17 0.514648 0.868634 0.041884 0.047454
