1 0.110352 0.583623 0.042752 0.074074
1 0.280273 0.797743 0.023220 0.045139
1 0.593424 0.552807 0.038845 0.059317
1 0.594835 0.700666 0.027778 0.064525
1 0.595812 0.621672 0.037543 0.061632
1 0.598090 0.778791 0.026476 0.058738
12 0.323893 0.851562 0.026693 0.036458
13 0.272678 0.620370 0.036675 0.030093
13 0.274631 0.671152 0.037977 0.029803
13 0.275825 0.742043 0.036024 0.033854
14 0.050564 0.524306 0.047743 0.050347
14 0.213216 0.856481 0.027995 0.035301
14 0.223090 0.585069 0.025608 0.032986
14 0.223307 0.482928 0.022569 0.040509
14 0.233398 0.713108 0.023220 0.037905
15 0.410156 0.428675 0.036024 0.031539
15 0.563477 0.439815 0.019748 0.032986
15 0.668620 0.437211 0.028646 0.043981
16 0.734918 0.857784 0.024089 0.044850
17 0.276476 0.901476 0.037326 0.033275
17 0.443576 0.908131 0.026910 0.029803
17 0.686089 0.921007 0.034939 0.033565
2 0.517470 0.473235 0.039714 0.032697
2 0.607964 0.476273 0.040582 0.029514
22 0.142795 0.808594 0.050781 0.033854
22 0.319987 0.481337 0.046658 0.022280
22 0.380317 0.477720 0.044488 0.026620
22 0.396159 0.851128 0.060981 0.030961
22 0.450087 0.469473 0.046875 0.029803
23 0.111762 0.743634 0.026042 0.070602
23 0.344076 0.735966 0.023655 0.066262
23 0.346354 0.819300 0.022135 0.051794
23 0.348958 0.649161 0.025174 0.081308
23 0.356662 0.563947 0.031467 0.067708
23 0.680990 0.722512 0.015625 0.075810
23 0.683919 0.802662 0.016276 0.054398
26 0.636393 0.857060 0.039280 0.034144
27 0.678819 0.634115 0.026476 0.050637
28 0.565755 0.854890 0.038628 0.034433
29 0.674588 0.565972 0.031901 0.061921
3 0.476562 0.680411 0.036024 0.069155
3 0.483073 0.601562 0.037760 0.072917
3 0.484592 0.523003 0.039062 0.037905
8 0.481662 0.854311 0.045356 0.026910
9 0.111111 0.667535 0.026042 0.059606
9 0.270616 0.546586 0.017361 0.057870
9 0.472114 0.766204 0.025391 0.065394
