1 0.313368 0.402488 0.038194 0.073495
1 0.798177 0.361979 0.040365 0.055556
1 0.802083 0.430845 0.027344 0.062500
1 0.803819 0.508825 0.027778 0.064525
1 0.807943 0.587963 0.028646 0.059028
12 0.532227 0.665220 0.023220 0.036458
13 0.477865 0.435185 0.037760 0.031829
13 0.479709 0.485677 0.036241 0.030382
13 0.484158 0.559317 0.035156 0.028356
14 0.253038 0.345197 0.041233 0.054398
14 0.421984 0.674334 0.033203 0.032697
14 0.426324 0.300203 0.022786 0.040799
14 0.427951 0.402344 0.026910 0.029803
14 0.440213 0.529948 0.023220 0.037326
15 0.613173 0.243200 0.034939 0.033275
15 0.768772 0.250868 0.027127 0.037616
15 0.874349 0.244647 0.030816 0.041956
16 0.948785 0.663918 0.024740 0.043113
17 0.487413 0.715856 0.039497 0.031829
17 0.655924 0.721209 0.026693 0.029225
17 0.900499 0.726418 0.035807 0.032697
2 0.722873 0.282697 0.041233 0.030093
2 0.812391 0.284722 0.041450 0.027778
22 0.350694 0.628762 0.049045 0.034144
22 0.524523 0.296296 0.049045 0.019676
22 0.585720 0.290220 0.047309 0.024306
22 0.606988 0.663918 0.065972 0.025752
22 0.655056 0.282697 0.050130 0.031829
23 0.316406 0.562645 0.021701 0.063947
23 0.551975 0.549479 0.023220 0.063657
23 0.555556 0.459346 0.021701 0.070891
23 0.560113 0.378183 0.024740 0.065394
23 0.890082 0.529080 0.015408 0.071470
23 0.894857 0.609375 0.017144 0.054398
26 0.847765 0.663918 0.039280 0.033275
27 0.887044 0.440104 0.022352 0.053241
28 0.777344 0.662905 0.038628 0.032986
29 0.879123 0.373264 0.034722 0.053819
3 0.685113 0.493056 0.038194 0.072338
3 0.690430 0.414931 0.031901 0.067130
3 0.690755 0.336950 0.039497 0.055845
8 0.692925 0.664062 0.046441 0.027199
9 0.317057 0.489005 0.021701 0.061921
9 0.474392 0.364439 0.016059 0.058160
9 0.681532 0.577112 0.025825 0.067419
