0 0.414308 0.714906 0.082285 0.031994
14 0.275157 0.299479 0.047170 0.030506
8 0.667715 0.718750 0.096436 0.028274
9 0.825996 0.442212 0.081761 0.129464
12 0.624738 0.299851 0.042977 0.041171
13 0.799266 0.592138 0.057652 0.027530
13 0.916143 0.606647 0.066038 0.033730
18 0.452568 0.306672 0.099057 0.042907
31 0.819706 0.301711 0.037736 0.018105
30 0.803459 0.552207 0.027254 0.013641
31 0.899109 0.552455 0.031971 0.014633
33 0.822065 0.657738 0.037212 0.014881
32 0.908543 0.657242 0.035115 0.015377
32 0.871593 0.716642 0.038784 0.016121
35 0.839099 0.543031 0.040881 0.016121
37 0.874738 0.667783 0.042977 0.018105
