1 0.802083 0.376519 0.074074 0.092448
2 0.546152 0.868490 0.102141 0.060330
3 0.469039 0.376845 0.076389 0.069661
3 0.179977 0.283637 0.087384 0.075521
13 0.349537 0.304905 0.113426 0.063368
8 0.614439 0.272352 0.150174 0.042969
9 0.337095 0.175781 0.064236 0.101128
23 0.630208 0.716580 0.056713 0.121962
26 0.260561 0.072700 0.078993 0.037760
27 0.625145 0.575195 0.069734 0.057075
28 0.733073 0.499457 0.081887 0.058377
13 0.180845 0.151910 0.091435 0.060330
17 0.435041 0.968859 0.187211 0.062283
30 0.176505 0.076823 0.031250 0.022569
31 0.340856 0.074653 0.027778 0.016493
30 0.470631 0.267361 0.027488 0.019097
33 0.348380 0.433051 0.026620 0.024957
32 0.470775 0.435330 0.027778 0.016927
31 0.799769 0.269531 0.029514 0.019965
32 0.811343 0.500217 0.027778 0.020833
30 0.628906 0.512153 0.028646 0.019965
32 0.640480 0.853516 0.033854 0.022569
30 0.440104 0.881293 0.028356 0.023003
34 0.436053 0.904839 0.029514 0.031033
