0 0.141819 0.539786 0.071398 0.067419
0 0.675022 0.383681 0.084852 0.078125
9 0.603950 0.495804 0.036458 0.117766
12 0.837023 0.591725 0.049913 0.070023
16 0.918728 0.588686 0.062717 0.106771
22 0.347548 0.384693 0.107856 0.059317
23 0.763129 0.487269 0.040148 0.109954
26 0.536241 0.587963 0.056424 0.059606
27 0.239149 0.462384 0.038194 0.083912
29 0.476345 0.479167 0.046007 0.068287
30 0.085503 0.538339 0.024740 0.030961
32 0.238932 0.541522 0.024306 0.036169
30 0.240560 0.394531 0.020182 0.022859
31 0.471354 0.382523 0.021701 0.031250
33 0.474718 0.587095 0.023220 0.030671
32 0.594401 0.597801 0.020833 0.027778
30 0.613715 0.388310 0.023438 0.026042
31 0.755859 0.382812 0.022135 0.032986
33 0.772678 0.595631 0.024089 0.026910
37 0.873698 0.594039 0.022569 0.031250
32 0.868490 0.675203 0.020833 0.025174
33 0.071506 0.687211 0.024957 0.029514
