13 0.384115 0.313911 0.061632 0.042318
13 0.386429 0.477648 0.070891 0.039062
13 0.509838 0.083442 0.056134 0.029731
13 0.523872 0.717122 0.053530 0.033203
15 0.500145 0.024740 0.087095 0.036458
23 0.516493 0.244900 0.048611 0.091363
27 0.514757 0.153863 0.061343 0.062066
29 0.515336 0.476562 0.060764 0.057726
3 0.521846 0.569444 0.052951 0.049479
3 0.527922 0.649957 0.047743 0.053819
30 0.387442 0.062717 0.028935 0.021267
32 0.539352 0.890299 0.019676 0.016276
33 0.403646 0.884983 0.028356 0.017795
34 0.508247 0.055664 0.027488 0.018446
9 0.512153 0.366536 0.042824 0.090278
9 0.534578 0.807943 0.047164 0.088542
