1 0.735966 0.654622 0.053530 0.043620
2 0.602720 0.706814 0.070023 0.033854
8 0.347946 0.701063 0.090567 0.037977
8 0.312645 0.423828 0.094618 0.029948
8 0.572193 0.329970 0.088831 0.038411
9 0.722367 0.382161 0.051794 0.076389
9 0.734664 0.539714 0.046875 0.090278
12 0.467448 0.335286 0.053530 0.073785
22 0.302807 0.310872 0.092882 0.039280
26 0.495515 0.703885 0.085359 0.052734
28 0.319300 0.581055 0.091725 0.057075
12 0.481337 0.584201 0.105035 0.066406
16 0.631366 0.581272 0.090856 0.067057
30 0.221933 0.319878 0.032407 0.018663
36 0.228299 0.426649 0.029514 0.028646
32 0.399016 0.411892 0.033565 0.021701
36 0.407118 0.346137 0.035301 0.023003
31 0.710069 0.324978 0.035880 0.021484
36 0.239439 0.585178 0.037905 0.029731
33 0.250289 0.692383 0.031829 0.020616
32 0.732060 0.706272 0.029514 0.024957
31 0.382089 0.307726 0.032118 0.019531
