3 0.594293 0.575955 0.044922 0.076678
8 0.263563 0.842159 0.114800 0.047743
12 0.500760 0.830006 0.047960 0.070891
13 0.153320 0.477431 0.058811 0.070602
15 0.661024 0.200087 0.046441 0.063368
23 0.668403 0.366319 0.028212 0.095486
23 0.156793 0.698206 0.039714 0.151620
26 0.396918 0.837674 0.064236 0.060185
29 0.747504 0.585214 0.057075 0.098090
30 0.158637 0.293258 0.031250 0.036169
34 0.668077 0.274884 0.028863 0.032986
35 0.671007 0.464844 0.031250 0.035590
30 0.587782 0.468750 0.027561 0.027778
31 0.744358 0.460214 0.030816 0.036169
33 0.605360 0.717159 0.028429 0.037326
37 0.663737 0.719763 0.026693 0.032118
32 0.757704 0.702836 0.024957 0.031829
32 0.662652 0.821325 0.026259 0.033854
33 0.166124 0.841869 0.026259 0.032697
