0 0.365017 0.757523 0.068142 0.074653
9 0.557943 0.598524 0.032552 0.110243
9 0.224392 0.425058 0.036024 0.105324
12 0.275391 0.756800 0.039931 0.065104
12 0.599826 0.447627 0.043403 0.060764
15 0.772352 0.227286 0.068576 0.066840
23 0.488824 0.599826 0.034939 0.115162
27 0.770725 0.370660 0.057943 0.082755
28 0.688585 0.449942 0.064670 0.064236
30 0.224501 0.341001 0.024089 0.033854
34 0.768338 0.291233 0.026259 0.039062
32 0.770291 0.451534 0.027127 0.032118
37 0.551541 0.462963 0.029297 0.029514
30 0.486220 0.474682 0.027995 0.033854
33 0.486328 0.688368 0.022569 0.030671
32 0.558811 0.693576 0.021267 0.026620
32 0.521484 0.762587 0.020833 0.030961
33 0.217014 0.758970 0.023872 0.032986
37 0.522135 0.699363 0.022135 0.029514
