0 0.357205 0.729926 0.059317 0.042752
27 0.863137 0.596897 0.092593 0.099609
3 0.497541 0.298828 0.071470 0.075521
9 0.582321 0.525933 0.072627 0.123915
12 0.745370 0.779622 0.074653 0.054036
13 0.486690 0.225260 0.068287 0.040365
23 0.719618 0.548286 0.086806 0.154731
27 0.117332 0.483832 0.090567 0.107856
29 0.316551 0.514214 0.145255 0.145182
27 0.462095 0.537760 0.114583 0.141493
17 0.508247 0.792969 0.231192 0.078559
38 0.502170 0.742947 0.044850 0.033203
33 0.127749 0.695964 0.040220 0.029514
30 0.171007 0.171875 0.062500 0.044271
37 0.482639 0.173177 0.045718 0.034288
31 0.848524 0.207248 0.041956 0.032118
32 0.840567 0.777778 0.050347 0.035156
32 0.744502 0.728082 0.052083 0.030816
35 0.579282 0.716471 0.048611 0.031467
35 0.453848 0.702148 0.040220 0.030599
33 0.307292 0.677626 0.045718 0.032335
30 0.308738 0.374891 0.041088 0.028863
37 0.440249 0.396267 0.040799 0.030816
37 0.582899 0.419488 0.046586 0.033420
31 0.708189 0.416884 0.039062 0.029948
37 0.501157 0.712240 0.037616 0.021267
