4 0.878824 0.712273 0.040784 0.030000
4 0.882745 0.799545 0.043922 0.027576
4 0.880196 0.888636 0.033333 0.028788
4 0.886667 0.444545 0.038431 0.027273
4 0.886471 0.533788 0.033333 0.031818
4 0.657451 0.445303 0.034902 0.029394
4 0.538039 0.090758 0.036863 0.030606
4 0.086667 0.446364 0.033725 0.030909
4 0.202549 0.091364 0.042745 0.031818
4 0.774706 0.623333 0.037255 0.030909
4 0.426863 0.090455 0.039608 0.031212
4 0.316275 0.357576 0.036471 0.030303
4 0.432549 0.622727 0.032941 0.032121
4 0.082549 0.533788 0.033333 0.031818
4 0.431765 0.357273 0.039216 0.032121
4 0.087451 0.265152 0.040000 0.031515
4 0.082353 0.353030 0.035294 0.031515
4 0.316667 0.623333 0.027059 0.028485
4 0.200784 0.179242 0.034510 0.026364
4 0.545098 0.530909 0.032157 0.030303
4 0.547451 0.444545 0.032157 0.033939
4 0.542157 0.356061 0.032549 0.032121
4 0.091569 0.623030 0.030980 0.028485
4 0.427647 0.267727 0.035686 0.034242
4 0.309804 0.443788 0.034510 0.028182
4 0.300784 0.711970 0.031373 0.036061
4 0.432745 0.444848 0.030196 0.032727
4 0.432353 0.710152 0.030196 0.030000
4 0.770196 0.714091 0.035294 0.031818
4 0.659804 0.712576 0.032549 0.030000
4 0.198039 0.796970 0.032157 0.029091
4 0.089216 0.885455 0.036471 0.025455
4 0.196471 0.887727 0.032157 0.028788
4 0.537843 0.623182 0.032549 0.029394
4 0.315294 0.800000 0.033725 0.031515
4 0.428824 0.800606 0.034902 0.029697
4 0.547059 0.711970 0.032941 0.032424
4 0.204118 0.533636 0.034118 0.032121
4 0.541961 0.180303 0.043137 0.029697
4 0.092157 0.799091 0.030588 0.030909
4 0.653137 0.802121 0.040392 0.028485
4 0.317255 0.888182 0.035294 0.028485
4 0.200196 0.711667 0.033333 0.028788
4 0.197451 0.624242 0.032549 0.027879
4 0.660588 0.623636 0.033333 0.027879
4 0.774314 0.531970 0.040392 0.029394
4 0.650588 0.534545 0.036078 0.030909
4 0.548235 0.801364 0.036078 0.029394
4 0.082549 0.179242 0.032549 0.028182
4 0.312157 0.181212 0.040000 0.030303
4 0.312745 0.091667 0.038039 0.031212
4 0.659020 0.180152 0.038824 0.026970
4 0.770784 0.889545 0.041961 0.030000
4 0.315490 0.533333 0.034118 0.030303
4 0.880784 0.357424 0.037647 0.033030
4 0.080000 0.090152 0.037647 0.031818
4 0.651765 0.088485 0.048627 0.028485
4 0.763333 0.091061 0.041176 0.028182
4 0.877451 0.091364 0.047451 0.029394
4 0.769804 0.182576 0.040784 0.028182
4 0.880588 0.178939 0.041176 0.028182
4 0.872353 0.272727 0.034902 0.029091
4 0.774902 0.272273 0.037647 0.031212
4 0.656471 0.268030 0.037647 0.031212
4 0.543922 0.267424 0.037647 0.031212
4 0.195098 0.269848 0.037255 0.031212
4 0.309804 0.268485 0.037647 0.032121
4 0.652745 0.356364 0.034902 0.029091
4 0.200588 0.356061 0.032549 0.027273
4 0.767843 0.355455 0.038431 0.031515
4 0.430196 0.180758 0.037647 0.030000
4 0.880000 0.626212 0.036863 0.030606
4 0.092549 0.710455 0.034510 0.028182
4 0.772157 0.801818 0.042353 0.029697
4 0.652549 0.888182 0.035294 0.030303
4 0.543922 0.889848 0.035294 0.030000
4 0.427451 0.888788 0.035294 0.030303
4 0.197451 0.443333 0.032549 0.032727
4 0.767647 0.445152 0.034902 0.030303
4 0.435098 0.534848 0.034118 0.030303
