3 0.672009 0.290331 0.050570 0.042201
3 0.217949 0.291667 0.042735 0.039530
8 0.622151 0.364049 0.084758 0.029380
8 0.302707 0.357906 0.085470 0.030983
26 0.301638 0.235844 0.059117 0.026175
9 0.380342 0.289530 0.045584 0.051282
12 0.429131 0.232639 0.033476 0.022970
17 0.450499 0.409722 0.057692 0.030983
28 0.561966 0.227297 0.048433 0.022970
23 0.496439 0.285791 0.048433 0.048077
30 0.225783 0.247062 0.031339 0.020833
33 0.229701 0.360844 0.030627 0.019765
35 0.389957 0.362179 0.027778 0.018162
35 0.508547 0.364850 0.029915 0.014957
37 0.444801 0.369658 0.029202 0.016026
32 0.679487 0.364850 0.018519 0.012821
31 0.655271 0.231571 0.019943 0.016560
37 0.495014 0.233974 0.029915 0.013889
37 0.366809 0.241186 0.025641 0.017628
