2 0.460470 0.391560 0.076211 0.032051
3 0.661681 0.290064 0.076923 0.040598
8 0.474359 0.244124 0.185185 0.034188
26 0.653134 0.437233 0.062678 0.028312
9 0.189815 0.311699 0.042023 0.064637
12 0.298789 0.445780 0.034900 0.031517
13 0.195513 0.383814 0.047721 0.027244
17 0.445869 0.489049 0.079772 0.042201
28 0.544516 0.440438 0.066239 0.027244
23 0.325855 0.330395 0.047721 0.093483
30 0.194088 0.258280 0.026353 0.016560
37 0.313034 0.251068 0.033476 0.014957
31 0.643519 0.248665 0.030627 0.017628
35 0.673077 0.383280 0.032764 0.015491
31 0.693376 0.392628 0.020655 0.017094
32 0.696937 0.429754 0.020655 0.017628
37 0.434473 0.446848 0.037037 0.017628
35 0.354345 0.439904 0.039174 0.018697
36 0.353632 0.398237 0.032051 0.020833
33 0.219373 0.443376 0.031339 0.018162
