29 0.457621 0.397970 0.047721 0.038462
27 0.572650 0.452190 0.042735 0.037927
3 0.363248 0.387286 0.051282 0.040598
3 0.371083 0.437767 0.055556 0.035791
9 0.754274 0.409989 0.059829 0.049679
9 0.232550 0.464476 0.051994 0.069979
9 0.762108 0.471955 0.054131 0.058226
17 0.488604 0.555021 0.062678 0.030983
17 0.704416 0.552618 0.055556 0.031517
17 0.253205 0.545673 0.063390 0.036859
23 0.224359 0.377671 0.042735 0.063034
15 0.226496 0.315972 0.061254 0.033654
15 0.503561 0.307425 0.061254 0.033654
15 0.719373 0.303953 0.101140 0.036325
