0 0.724359 0.301282 0.074074 0.045940
2 0.345442 0.314370 0.076923 0.035791
23 0.252137 0.249733 0.048433 0.068910
8 0.616809 0.159455 0.085470 0.029380
8 0.387821 0.164530 0.101852 0.030983
23 0.770299 0.228900 0.060541 0.080662
12 0.494658 0.161859 0.042023 0.032051
15 0.232906 0.106838 0.068376 0.037393
15 0.735399 0.095620 0.073362 0.039530
28 0.538818 0.303686 0.061966 0.025107
26 0.538462 0.351763 0.059829 0.028312
36 0.257835 0.168803 0.034188 0.026709
34 0.749288 0.155449 0.025641 0.024573
32 0.787037 0.294071 0.027066 0.015491
37 0.609330 0.308761 0.034900 0.018162
32 0.614316 0.348558 0.027778 0.017628
33 0.469373 0.355235 0.029915 0.017094
37 0.455484 0.313835 0.033476 0.018697
33 0.278134 0.310363 0.032051 0.020299
