9 0.351852 0.336806 0.042735 0.046474
26 0.460114 0.229968 0.051282 0.019765
2 0.446225 0.372596 0.054843 0.038996
12 0.386040 0.227297 0.039886 0.033654
12 0.292023 0.229434 0.037037 0.031517
15 0.193020 0.179754 0.076923 0.032585
29 0.209402 0.326656 0.042735 0.038996
23 0.553419 0.315705 0.042735 0.045940
36 0.206197 0.231571 0.029202 0.021902
37 0.341880 0.233707 0.032764 0.015491
31 0.532051 0.230502 0.024217 0.017628
32 0.554843 0.369925 0.025641 0.016560
35 0.359330 0.371261 0.026353 0.017094
33 0.224359 0.375534 0.029915 0.014957
