13 0.251425 0.351496 0.056980 0.023504
13 0.344373 0.352297 0.059117 0.028312
13 0.354701 0.415331 0.051282 0.024038
13 0.419160 0.342949 0.053419 0.023504
13 0.433761 0.401442 0.045584 0.025107
13 0.445157 0.460470 0.051282 0.026709
13 0.531695 0.340545 0.059117 0.028312
13 0.544160 0.386485 0.055556 0.022970
13 0.556624 0.442842 0.044872 0.022436
13 0.562322 0.493056 0.053419 0.025641
13 0.579060 0.547543 0.056980 0.032051
13 0.641738 0.346421 0.039886 0.022970
13 0.653490 0.388889 0.043447 0.020299
13 0.664886 0.443109 0.044872 0.019765
13 0.677707 0.490919 0.046296 0.025641
13 0.686254 0.544071 0.043447 0.019765
13 0.690171 0.588141 0.054131 0.026709
17 0.263533 0.701656 0.066952 0.036859
23 0.357906 0.482105 0.033476 0.049679
27 0.701211 0.627137 0.047721 0.037393
29 0.584402 0.593483 0.047721 0.039530
3 0.459758 0.529915 0.061966 0.045940
30 0.253561 0.306357 0.025641 0.014423
31 0.628561 0.314637 0.022080 0.014957
32 0.692664 0.655449 0.022080 0.013889
35 0.363604 0.649573 0.032051 0.019231
35 0.470798 0.651976 0.028490 0.017628
35 0.588675 0.653579 0.027778 0.017628
36 0.268162 0.652244 0.030627 0.018162
37 0.338319 0.309028 0.025641 0.016560
37 0.413818 0.305556 0.032764 0.013889
37 0.529202 0.310096 0.024217 0.014423
9 0.257479 0.428953 0.044872 0.053419
