27 0.371795 0.439637 0.045584 0.037393
2 0.784188 0.337073 0.064103 0.028846
2 0.581197 0.351496 0.061254 0.028846
2 0.679131 0.345353 0.051994 0.034722
2 0.610043 0.495994 0.050570 0.035791
2 0.715100 0.490118 0.061254 0.043269
9 0.871083 0.439904 0.052707 0.047543
8 0.345798 0.515759 0.064815 0.034722
12 0.480413 0.359776 0.034900 0.032585
12 0.279915 0.366720 0.034188 0.030449
12 0.388889 0.361111 0.037037 0.027778
17 0.257835 0.554487 0.062678 0.028846
2 0.505342 0.508280 0.059117 0.031517
12 0.425926 0.514156 0.037037 0.030449
23 0.232906 0.467682 0.044160 0.048611
29 0.226852 0.411325 0.032051 0.028846
13 0.857906 0.384348 0.061966 0.027244
30 0.227564 0.372863 0.030627 0.014957
37 0.352208 0.366720 0.032051 0.016560
36 0.254630 0.521368 0.032051 0.019231
35 0.393519 0.510684 0.024929 0.014957
32 0.877137 0.480769 0.029202 0.018162
31 0.839744 0.338675 0.024217 0.018162
