3 0.428775 0.277511 0.085470 0.060363
3 0.681980 0.260951 0.084758 0.050748
8 0.845442 0.511218 0.094017 0.030983
8 0.593305 0.471421 0.205128 0.028312
8 0.275285 0.195246 0.227208 0.037927
9 0.831909 0.431090 0.062678 0.084402
9 0.138889 0.314637 0.074074 0.167735
15 0.459758 0.104701 0.241453 0.063034
28 0.570157 0.195246 0.087607 0.034722
22 0.295228 0.448451 0.184473 0.028312
22 0.292379 0.508280 0.198718 0.031517
26 0.701211 0.322650 0.079060 0.036325
13 0.795584 0.242254 0.068376 0.029380
35 0.449430 0.192575 0.041311 0.019765
31 0.776709 0.206998 0.029202 0.018697
37 0.670228 0.207265 0.039886 0.021368
30 0.599359 0.299145 0.034900 0.018162
31 0.590812 0.336806 0.026353 0.016560
37 0.796652 0.322917 0.027778 0.016560
33 0.847934 0.476496 0.026353 0.016026
31 0.906695 0.484776 0.024217 0.013355
32 0.909544 0.505876 0.021368 0.018162
33 0.737179 0.508814 0.032764 0.018697
34 0.715456 0.473825 0.022080 0.022436
31 0.703348 0.410524 0.029202 0.019765
35 0.616097 0.398771 0.029915 0.018697
36 0.431624 0.477030 0.029915 0.022436
31 0.413818 0.451122 0.024217 0.018697
32 0.419160 0.504808 0.022080 0.018162
33 0.168803 0.504808 0.029915 0.021368
36 0.162037 0.451923 0.032051 0.027778
36 0.159900 0.410256 0.037749 0.024573
30 0.135328 0.201656 0.032764 0.018697
33 0.450499 0.337874 0.026353 0.015491
37 0.413462 0.203259 0.036325 0.022970
32 0.678419 0.286058 0.027778 0.011218
32 0.805912 0.315705 0.016382 0.016026
33 0.599359 0.320246 0.027778 0.016560
