1 0.664304 0.639200 0.056168 0.040000
27 0.139370 0.224200 0.035171 0.044400
27 0.134383 0.576000 0.031496 0.037600
3 0.387402 0.174200 0.059843 0.036400
3 0.659318 0.593000 0.055643 0.044400
8 0.560892 0.504800 0.097113 0.033600
8 0.240682 0.501000 0.100262 0.027600
8 0.399475 0.502000 0.096588 0.028800
9 0.293438 0.239800 0.030446 0.061200
9 0.570341 0.178000 0.038320 0.081600
23 0.390814 0.242200 0.030971 0.057200
29 0.573491 0.323800 0.037270 0.039600
12 0.404199 0.700000 0.032546 0.025600
13 0.565354 0.105600 0.036745 0.024000
13 0.483990 0.647800 0.044094 0.021200
17 0.134383 0.400400 0.038845 0.028800
22 0.228609 0.702600 0.086614 0.027600
23 0.478740 0.581400 0.037795 0.074000
23 0.321785 0.582000 0.041995 0.071200
27 0.574803 0.263000 0.029396 0.042000
29 0.136483 0.295000 0.047244 0.050800
13 0.288714 0.168400 0.043045 0.036800
29 0.137270 0.627000 0.039370 0.038800
13 0.329921 0.649200 0.044619 0.028800
