9 0.264304 0.560600 0.024672 0.058800
9 0.262205 0.462000 0.025722 0.066400
27 0.186877 0.175400 0.044094 0.042000
23 0.499213 0.168800 0.020997 0.059200
29 0.135171 0.536200 0.041470 0.043600
13 0.348294 0.164200 0.040420 0.018800
13 0.571129 0.567600 0.048294 0.025600
1 0.559318 0.462400 0.043570 0.038400
23 0.412598 0.560600 0.033596 0.060400
23 0.408924 0.468000 0.040945 0.072800
17 0.144094 0.660400 0.022572 0.024000
30 0.190551 0.084600 0.023097 0.014000
37 0.339633 0.085200 0.030446 0.015200
31 0.491601 0.084800 0.019423 0.011200
32 0.493963 0.233400 0.024147 0.014000
35 0.342520 0.236600 0.030971 0.013200
33 0.190289 0.236000 0.023622 0.013600
30 0.138583 0.405600 0.020997 0.016000
37 0.262467 0.401400 0.026247 0.010800
37 0.404987 0.402400 0.030971 0.016000
31 0.550919 0.401600 0.019423 0.014400
32 0.567979 0.638800 0.017848 0.012800
35 0.419423 0.635800 0.025197 0.014000
35 0.266929 0.633400 0.034121 0.014000
36 0.145407 0.637800 0.017848 0.017200
