32 0.662333 0.866625 0.036667 0.023750
34 0.654667 0.404750 0.035333 0.048000
34 0.650500 0.695500 0.047667 0.045500
2 0.525667 0.412250 0.070667 0.050500
36 0.209833 0.187375 0.044333 0.057750
36 0.217333 0.426500 0.032667 0.034000
36 0.230000 0.693875 0.032667 0.034250
9 0.660500 0.258375 0.076333 0.130750
12 0.416833 0.699375 0.055667 0.067250
16 0.224000 0.149250 0.040667 0.071500
22 0.399667 0.415125 0.151333 0.048250
26 0.424333 0.865875 0.134667 0.095250
29 0.208000 0.520125 0.098000 0.099750
33 0.237667 0.859875 0.032667 0.034250
31 0.643833 0.173000 0.043000 0.027500
