1 0.417917 0.819375 0.052500 0.050000
9 0.301667 0.549063 0.045000 0.088125
9 0.412500 0.307812 0.045000 0.085625
16 0.471250 0.056875 0.047500 0.037500
13 0.512917 0.567813 0.067500 0.040625
28 0.565000 0.899687 0.058333 0.038125
29 0.696667 0.558438 0.060000 0.059375
23 0.407083 0.132188 0.042500 0.083125
30 0.418750 0.062500 0.030833 0.021250
36 0.423333 0.222500 0.041667 0.030000
31 0.668333 0.227813 0.041667 0.026875
35 0.412083 0.447500 0.049167 0.028750
30 0.313333 0.466250 0.040000 0.030000
31 0.500417 0.460625 0.039167 0.028750
33 0.319583 0.660000 0.037500 0.027500
32 0.512500 0.653438 0.035000 0.028125
37 0.415833 0.672188 0.041667 0.023125
33 0.432500 0.895312 0.036667 0.026875
32 0.698750 0.894375 0.034167 0.027500
