1 0.322333 0.315500 0.050000 0.051000
13 0.595000 0.557625 0.038667 0.029250
13 0.694500 0.392875 0.039000 0.029250
14 0.555000 0.086375 0.044667 0.045250
14 0.655000 0.936500 0.040667 0.059500
23 0.341167 0.681000 0.045667 0.067500
23 0.688333 0.272625 0.035333 0.083750
27 0.706333 0.758375 0.056000 0.053750
28 0.428167 0.151000 0.085000 0.055500
30 0.320167 0.147875 0.026333 0.019750
30 0.603000 0.480125 0.025333 0.020750
31 0.591833 0.091375 0.022333 0.018250
31 0.676167 0.158750 0.029000 0.021000
31 0.780000 0.478375 0.030000 0.018750
32 0.697500 0.925000 0.024333 0.023500
32 0.790167 0.622750 0.024333 0.019000
33 0.367000 0.842750 0.032000 0.024500
33 0.610333 0.622875 0.026667 0.024750
34 0.696833 0.851250 0.025000 0.031000
35 0.599000 0.146875 0.041333 0.018750
35 0.691333 0.466750 0.032667 0.023500
37 0.699333 0.634750 0.037333 0.020500
8 0.620000 0.850875 0.074667 0.024250
9 0.790333 0.574625 0.034000 0.072250
