0 0.698661 0.815697 0.061508 0.092593
14 0.282862 0.094356 0.055804 0.104938
9 0.361607 0.481041 0.053075 0.204586
9 0.753968 0.315697 0.051587 0.198413
9 0.841642 0.319004 0.050843 0.195326
13 0.802951 0.673721 0.059276 0.072310
22 0.550967 0.813713 0.097470 0.080688
28 0.438368 0.084436 0.082093 0.114198
26 0.614707 0.077381 0.080109 0.095679
37 0.353671 0.097663 0.050099 0.055115
33 0.379464 0.805556 0.035714 0.056437
32 0.800719 0.800926 0.029514 0.047178
37 0.801339 0.541667 0.043155 0.047178
33 0.766121 0.511464 0.030754 0.048501
32 0.837922 0.509480 0.026538 0.041887
37 0.741071 0.089947 0.047123 0.045855
31 0.833581 0.088404 0.024802 0.041005
