1 0.433904 0.709877 0.050347 0.111993
26 0.659102 0.879189 0.070685 0.093474
3 0.756324 0.466049 0.044891 0.100529
9 0.753720 0.301808 0.033234 0.128307
13 0.761657 0.750220 0.054563 0.055996
15 0.670387 0.081129 0.054067 0.072310
22 0.574653 0.871032 0.076389 0.087743
23 0.820437 0.527337 0.036706 0.155203
28 0.492312 0.870370 0.063492 0.109347
30 0.438864 0.207672 0.028522 0.047619
35 0.670139 0.170414 0.049107 0.051587
31 0.743676 0.195767 0.027034 0.038801
36 0.763393 0.391534 0.031746 0.055556
31 0.809524 0.407628 0.023810 0.038360
32 0.819196 0.617284 0.023313 0.039683
36 0.767857 0.627866 0.025794 0.059083
32 0.758929 0.851411 0.022817 0.049383
33 0.441716 0.847663 0.026786 0.048060
