1 0.527406 0.562831 0.047371 0.098325
3 0.811632 0.580026 0.049355 0.090388
14 0.449901 0.477513 0.047123 0.106702
9 0.522321 0.233025 0.044643 0.162698
9 0.704985 0.632496 0.037450 0.164462
9 0.799851 0.143959 0.040675 0.145944
13 0.804936 0.316138 0.056796 0.057319
13 0.814484 0.734347 0.051091 0.051587
23 0.921999 0.613095 0.046379 0.163580
28 0.671255 0.049603 0.080109 0.089506
27 0.530382 0.714727 0.044395 0.109347
30 0.528770 0.066138 0.025794 0.044974
34 0.515749 0.468915 0.027530 0.060406
33 0.546131 0.895282 0.028274 0.051587
32 0.814484 0.905644 0.022321 0.039683
38 0.817088 0.847443 0.028026 0.052910
33 0.706101 0.828924 0.026290 0.040564
32 0.917907 0.843474 0.027778 0.041446
30 0.708085 0.473765 0.024306 0.037478
38 0.807540 0.471120 0.031746 0.061287
31 0.918403 0.487213 0.024802 0.041446
31 0.790179 0.056878 0.022321 0.033510
