3 0.875647 0.613027 0.054741 0.111111
35 0.716487 0.728161 0.059698 0.052490
35 0.233836 0.746552 0.053448 0.054023
37 0.531789 0.304598 0.027802 0.058238
37 0.722198 0.281034 0.058621 0.060153
37 0.236530 0.313218 0.046767 0.060153
36 0.147953 0.769540 0.034267 0.060920
8 0.601293 0.277778 0.091810 0.085057
9 0.717026 0.415326 0.040086 0.154023
9 0.875647 0.412452 0.041810 0.153640
9 0.237823 0.516284 0.048060 0.182759
12 0.342349 0.300766 0.041164 0.112644
13 0.532759 0.502107 0.064224 0.085441
17 0.139978 0.873563 0.104957 0.099617
22 0.453664 0.294636 0.108621 0.085824
22 0.443319 0.751341 0.121552 0.100383
27 0.713147 0.590613 0.075862 0.163602
29 0.137392 0.540613 0.085560 0.177011
30 0.155603 0.303640 0.030603 0.055556
31 0.864224 0.288123 0.029741 0.048276
35 0.528017 0.733716 0.051293 0.064368
32 0.867565 0.725862 0.029095 0.050958
