32 0.915102 0.557088 0.026969 0.042146
32 0.175297 0.565709 0.025243 0.040230
1 0.188673 0.447318 0.042071 0.085441
1 0.702805 0.371456 0.051133 0.093870
33 0.088781 0.818199 0.029989 0.047126
3 0.704099 0.445977 0.052859 0.094253
36 0.835383 0.576820 0.036246 0.090038
36 0.847465 0.259962 0.034520 0.077778
36 0.096440 0.582759 0.034520 0.081226
37 0.702805 0.090613 0.064509 0.055556
37 0.576591 0.084866 0.059763 0.065517
35 0.694930 0.816858 0.055232 0.055172
35 0.556311 0.798851 0.054153 0.071264
8 0.268608 0.113410 0.062999 0.072031
9 0.564617 0.583333 0.054800 0.156705
9 0.102373 0.237356 0.037325 0.142912
9 0.927832 0.397701 0.045523 0.169349
9 0.318447 0.383908 0.044876 0.167050
13 0.569040 0.216667 0.065804 0.070115
13 0.304962 0.744061 0.051564 0.068199
17 0.298490 0.922414 0.074002 0.065517
22 0.423517 0.093870 0.091909 0.081992
23 0.563646 0.379502 0.044660 0.149808
23 0.308846 0.595594 0.039914 0.131418
27 0.090615 0.468391 0.076807 0.179693
27 0.707875 0.245977 0.069040 0.162452
29 0.833225 0.409387 0.072923 0.161303
29 0.701942 0.584674 0.071413 0.193870
30 0.114132 0.119157 0.026753 0.033716
31 0.927940 0.275096 0.025458 0.034483
31 0.836570 0.102490 0.033441 0.050958
38 0.302481 0.834483 0.051780 0.073563
37 0.331068 0.123946 0.050701 0.066284
32 0.815210 0.820307 0.032578 0.050575
36 0.105394 0.352682 0.037756 0.072414
31 0.186408 0.366092 0.026321 0.047893
