0 0.525625 0.308298 0.067500 0.057773
0 0.701875 0.328782 0.068750 0.067227
0 0.820312 0.856618 0.061875 0.064076
8 0.604375 0.518382 0.110000 0.076681
8 0.741563 0.529412 0.105625 0.081933
8 0.711250 0.855567 0.105000 0.072479
9 0.180312 0.672269 0.038125 0.140756
12 0.495625 0.515231 0.062500 0.072479
12 0.446562 0.865546 0.043125 0.094538
12 0.539687 0.164916 0.046875 0.077731
13 0.376875 0.662290 0.046250 0.114496
15 0.075313 0.375000 0.054375 0.065126
22 0.565937 0.862395 0.115625 0.090336
26 0.276562 0.483193 0.084375 0.086134
28 0.810625 0.347689 0.077500 0.069328
29 0.911250 0.709559 0.047500 0.127101
