0 0.590169 0.881366 0.049696 0.040509
0 0.516710 0.210648 0.050347 0.034722
0 0.414388 0.107350 0.047092 0.033565
1 0.650282 0.796441 0.035807 0.079572
8 0.600586 0.424190 0.087457 0.035880
8 0.513672 0.700087 0.077691 0.040220
8 0.399957 0.621094 0.088108 0.051794
9 0.507595 0.509838 0.025174 0.082755
12 0.429796 0.227865 0.031901 0.039062
12 0.233832 0.622830 0.027995 0.039062
13 0.775065 0.702980 0.021918 0.038484
14 0.128581 0.723380 0.038411 0.032407
14 0.139757 0.489873 0.036024 0.055556
14 0.153103 0.254196 0.031033 0.066262
14 0.174371 0.127604 0.030165 0.043403
15 0.264648 0.041956 0.036675 0.038773
17 0.714193 0.937789 0.026476 0.041088
22 0.347331 0.705295 0.056641 0.043113
22 0.411784 0.433160 0.101345 0.042245
22 0.660265 0.088542 0.081814 0.048032
23 0.679688 0.509404 0.037760 0.085938
26 0.523980 0.099392 0.053602 0.039641
26 0.655382 0.202546 0.047743 0.032986
26 0.488607 0.882523 0.041016 0.034144
27 0.774414 0.301794 0.024089 0.079282
28 0.318359 0.112558 0.046007 0.035880
28 0.411133 0.879919 0.035373 0.030093
29 0.774414 0.510127 0.028429 0.061921
1 0.768663 0.799769 0.039931 0.072338
