1 0.056207 0.400897 0.023872 0.053530
1 0.066515 0.636719 0.024957 0.065683
1 0.069010 0.738860 0.025174 0.071470
1 0.135417 0.748843 0.024740 0.054398
1 0.167535 0.344184 0.020399 0.055845
1 0.228082 0.453848 0.021701 0.055266
1 0.234701 0.662037 0.024523 0.054977
1 0.235135 0.752315 0.023655 0.054398
1 0.362739 0.315683 0.022786 0.045139
1 0.366319 0.379485 0.023003 0.057581
1 0.409288 0.559462 0.027344 0.059317
1 0.409722 0.656684 0.022135 0.055845
1 0.445747 0.311921 0.022135 0.048611
1 0.466037 0.649161 0.024089 0.055266
1 0.573785 0.278212 0.029080 0.050058
1 0.592122 0.612992 0.021918 0.059317
1 0.652669 0.335069 0.025391 0.058449
1 0.686957 0.775752 0.026693 0.052662
1 0.757595 0.342159 0.024306 0.047164
1 0.762478 0.400463 0.022786 0.042824
1 0.765951 0.469184 0.024089 0.055845
1 0.828885 0.656395 0.022352 0.046586
1 0.833767 0.718605 0.024740 0.038484
1 0.839844 0.778791 0.020833 0.042535
1 0.892687 0.766638 0.026259 0.053530
1 0.933919 0.583623 0.022352 0.052662
1 0.936957 0.651910 0.024957 0.058449
12 0.296984 0.818866 0.026259 0.033565
12 0.335938 0.818576 0.027344 0.035301
13 0.313043 0.745660 0.021484 0.035301
13 0.411892 0.754485 0.023003 0.042535
13 0.468859 0.739439 0.029731 0.041377
14 0.025391 0.446904 0.027344 0.048322
14 0.033963 0.806713 0.027561 0.050347
14 0.549154 0.572627 0.032335 0.050347
14 0.574870 0.826534 0.029514 0.058738
15 0.077799 0.203704 0.039714 0.035880
15 0.191081 0.192708 0.031901 0.041088
15 0.328885 0.229456 0.034939 0.041088
15 0.418945 0.220631 0.034071 0.034433
15 0.577365 0.165509 0.035373 0.038773
15 0.662001 0.184028 0.034071 0.042824
16 0.492405 0.424624 0.031250 0.055266
16 0.511393 0.694300 0.035807 0.051794
16 0.519965 0.790654 0.038628 0.057581
16 0.964844 0.290075 0.037326 0.051794
17 0.084635 0.883536 0.039497 0.034433
17 0.358398 0.879919 0.036675 0.041667
2 0.206706 0.822338 0.035807 0.037616
2 0.256727 0.822772 0.037760 0.035590
2 0.661241 0.851997 0.042535 0.046007
2 0.720161 0.855469 0.045356 0.034433
2 0.783529 0.248264 0.035807 0.034722
2 0.837999 0.250579 0.029731 0.040509
2 0.872938 0.855324 0.044054 0.037037
2 0.894857 0.246383 0.030165 0.037905
22 0.259115 0.271846 0.050781 0.028646
22 0.614583 0.237269 0.050781 0.035301
23 0.051649 0.318287 0.026910 0.078125
23 0.122938 0.549769 0.026259 0.078704
23 0.185438 0.592303 0.021050 0.082176
23 0.222114 0.302662 0.016710 0.050926
23 0.309353 0.524161 0.023220 0.078993
23 0.370985 0.572917 0.020616 0.079861
23 0.401259 0.367043 0.020833 0.073206
23 0.583984 0.431279 0.026910 0.074942
23 0.674262 0.587674 0.031250 0.075231
23 0.782878 0.750434 0.021918 0.079572
23 0.809896 0.473814 0.027778 0.083623
23 0.877496 0.545284 0.022352 0.078414
23 0.927734 0.506510 0.021701 0.069155
26 0.112305 0.819010 0.028863 0.032118
26 0.388997 0.828559 0.032335 0.028646
26 0.688911 0.245515 0.037543 0.032118
26 0.767036 0.853009 0.035807 0.029514
26 0.921115 0.858073 0.033203 0.026331
27 0.060004 0.477431 0.024523 0.044560
27 0.110135 0.311198 0.021484 0.037905
27 0.129232 0.631366 0.019748 0.041088
27 0.186523 0.750434 0.018880 0.037905
27 0.230035 0.529514 0.023872 0.045139
27 0.310655 0.616464 0.021918 0.041956
27 0.371636 0.669271 0.020182 0.041088
27 0.450629 0.388166 0.024089 0.042535
27 0.596680 0.699653 0.021484 0.042245
27 0.664497 0.412760 0.023872 0.047743
27 0.800022 0.311198 0.021918 0.041956
27 0.880859 0.637153 0.021701 0.038773
27 0.942708 0.728154 0.022135 0.040220
28 0.158746 0.822772 0.030599 0.028067
28 0.428385 0.832031 0.026910 0.028646
28 0.727648 0.247975 0.033854 0.037037
28 0.819227 0.851418 0.024306 0.035590
29 0.064345 0.546875 0.027561 0.046875
29 0.113390 0.370660 0.022786 0.046296
29 0.130425 0.678385 0.020833 0.037905
29 0.170898 0.407407 0.021918 0.039352
29 0.186306 0.684462 0.019314 0.044271
29 0.234484 0.588108 0.024957 0.044271
29 0.299588 0.349103 0.024957 0.042535
29 0.311523 0.677373 0.021918 0.041667
29 0.372287 0.732205 0.022352 0.042535
29 0.454970 0.459491 0.021918 0.041088
29 0.581272 0.354167 0.021484 0.039931
29 0.600043 0.772859 0.020833 0.045139
29 0.669813 0.486690 0.027127 0.046875
29 0.769857 0.547598 0.020616 0.044271
29 0.806424 0.377315 0.021701 0.049190
29 0.862305 0.357639 0.026693 0.043403
29 0.886068 0.701823 0.023003 0.044271
29 0.919162 0.360677 0.022786 0.040220
29 0.946832 0.789497 0.023003 0.043692
9 0.118707 0.446759 0.020833 0.066551
9 0.178602 0.488860 0.019097 0.069155
9 0.225694 0.369647 0.022135 0.063368
9 0.303168 0.421441 0.022135 0.069155
9 0.369358 0.467737 0.022135 0.069155
9 0.404839 0.459491 0.022352 0.062500
9 0.459635 0.542101 0.028212 0.078993
9 0.588867 0.519965 0.025825 0.074074
9 0.681424 0.684462 0.026910 0.080729
9 0.774523 0.639468 0.023003 0.074074
9 0.816840 0.571036 0.023872 0.078993
9 0.867405 0.441117 0.024306 0.065104
9 0.923937 0.420862 0.021050 0.059317
