1 0.357422 0.659722 0.046441 0.070023
1 0.507704 0.404514 0.042752 0.075231
1 0.355143 0.543837 0.050998 0.076678
1 0.874132 0.369647 0.042969 0.073785
1 0.658637 0.395255 0.044705 0.071181
1 0.870877 0.474392 0.044271 0.075521
1 0.867839 0.579572 0.048611 0.081019
8 0.429796 0.787616 0.090061 0.052083
9 0.089627 0.648872 0.034288 0.102141
9 0.207357 0.458767 0.045790 0.095775
9 0.094510 0.521991 0.035373 0.102431
9 0.501845 0.627894 0.047960 0.096065
9 0.102648 0.393953 0.034722 0.087095
12 0.468859 0.225550 0.038845 0.047743
12 0.375977 0.234230 0.040148 0.049479
12 0.150065 0.773872 0.037109 0.046586
13 0.860460 0.680845 0.041667 0.054398
15 0.844510 0.127315 0.053168 0.056713
16 0.925998 0.750579 0.040799 0.061921
17 0.111003 0.842593 0.046224 0.038194
17 0.816081 0.857205 0.048828 0.044271
22 0.271918 0.784288 0.090278 0.052373
23 0.203125 0.641059 0.041233 0.109664
23 0.642578 0.650029 0.050347 0.111400
26 0.698568 0.793113 0.049913 0.045718
27 0.880208 0.264034 0.037326 0.062211
27 0.655165 0.520399 0.036892 0.061632
27 0.507378 0.294705 0.029948 0.063368
27 0.354709 0.422020 0.034939 0.066840
28 0.575521 0.787760 0.052517 0.040799
28 0.749674 0.207610 0.054905 0.048322
29 0.506402 0.523582 0.031901 0.066262
