0 0.239366 0.880064 0.050347 0.056424
0 0.302409 0.725405 0.060981 0.054398
0 0.315321 0.515770 0.050347 0.057581
0 0.591471 0.171007 0.064019 0.052662
0 0.381185 0.508970 0.047092 0.053241
0 0.743707 0.375868 0.053385 0.052083
0 0.807617 0.678530 0.057509 0.054398
0 0.618381 0.864294 0.061849 0.050347
0 0.671224 0.385272 0.058160 0.051215
0 0.800347 0.261140 0.062066 0.057002
0 0.457140 0.506655 0.060547 0.053241
0 0.668728 0.169994 0.064887 0.057002
0 0.814779 0.369213 0.054905 0.048032
1 0.208333 0.467593 0.045573 0.062500
1 0.214301 0.353588 0.043620 0.052083
1 0.901693 0.618779 0.047743 0.090567
1 0.899414 0.740017 0.055773 0.078414
1 0.898655 0.302951 0.043837 0.084491
1 0.211697 0.243200 0.040582 0.050637
8 0.428602 0.299045 0.080729 0.057002
8 0.404622 0.187066 0.061849 0.044271
8 0.701280 0.687355 0.094835 0.052373
8 0.653103 0.494358 0.092665 0.053530
8 0.511176 0.865017 0.087457 0.041956
8 0.575629 0.402778 0.100477 0.052083
14 0.139974 0.701100 0.045573 0.063079
15 0.263129 0.112992 0.059679 0.061632
15 0.899740 0.059028 0.065104 0.074074
17 0.568685 0.948495 0.059245 0.053241
17 0.865343 0.921152 0.068793 0.057002
22 0.588976 0.697627 0.088976 0.060764
22 0.410048 0.870226 0.083116 0.047164
22 0.545247 0.283420 0.093099 0.054688
22 0.500760 0.183738 0.073568 0.049190
22 0.787109 0.480179 0.105035 0.052951
22 0.463325 0.415943 0.086372 0.047743
23 0.195421 0.800637 0.044922 0.097801
26 0.390951 0.709346 0.050998 0.057581
26 0.754123 0.160880 0.047309 0.050347
26 0.716146 0.861111 0.051649 0.045718
26 0.279948 0.431134 0.049479 0.050926
26 0.649306 0.277488 0.043403 0.050926
27 0.898872 0.519097 0.039931 0.066551
27 0.204970 0.649595 0.037543 0.070023
27 0.903754 0.210214 0.033637 0.063368
28 0.355577 0.419560 0.054905 0.047454
28 0.332574 0.310475 0.049262 0.056134
28 0.474935 0.700231 0.051432 0.055556
28 0.322266 0.870804 0.044705 0.044271
28 0.543728 0.499855 0.045790 0.047164
28 0.805664 0.859954 0.057943 0.045718
28 0.338650 0.195023 0.045356 0.046875
28 0.824653 0.154803 0.051649 0.049190
28 0.724392 0.270544 0.045139 0.047454
29 0.897895 0.415365 0.038845 0.064525
29 0.205838 0.574797 0.040582 0.063947
14 0.116319 0.871672 0.052517 0.071470
