0 0.764974 0.549624 0.050781 0.039641
0 0.459093 0.559462 0.048394 0.043692
0 0.344510 0.669271 0.045790 0.033565
0 0.320421 0.169126 0.044488 0.037326
0 0.748155 0.855613 0.064453 0.049769
0 0.659831 0.130932 0.054905 0.039641
0 0.760091 0.735822 0.052300 0.046875
0 0.672418 0.550781 0.052300 0.045428
0 0.666450 0.229022 0.052083 0.036748
0 0.400391 0.871238 0.053819 0.043403
0 0.568359 0.233941 0.055122 0.051215
0 0.642578 0.859086 0.060330 0.056134
0 0.388129 0.312355 0.054905 0.052373
0 0.324110 0.316696 0.042752 0.046007
1 0.838759 0.510561 0.039931 0.065683
1 0.837999 0.600116 0.038411 0.064815
8 0.449436 0.761285 0.065972 0.040509
8 0.474935 0.304688 0.070095 0.041088
8 0.375217 0.562500 0.069010 0.039352
8 0.468207 0.239005 0.068359 0.048032
8 0.428277 0.420428 0.074870 0.043403
8 0.553277 0.142650 0.080078 0.046875
8 0.489475 0.650752 0.070964 0.038773
12 0.766927 0.224971 0.046875 0.048900
12 0.753147 0.125145 0.039280 0.048322
12 0.759006 0.406539 0.042752 0.042245
13 0.833116 0.365885 0.039931 0.045428
13 0.832682 0.433883 0.040799 0.041956
14 0.237088 0.374711 0.041450 0.059028
14 0.195747 0.624277 0.039062 0.054109
14 0.232530 0.215567 0.042318 0.054398
14 0.204536 0.823351 0.041450 0.065683
15 0.433377 0.082755 0.059028 0.053819
15 0.805013 0.029225 0.062717 0.057870
15 0.707574 0.047020 0.057075 0.071470
16 0.902235 0.320891 0.044922 0.066551
16 0.901259 0.824942 0.043837 0.066551
17 0.448351 0.927807 0.049913 0.050058
17 0.817925 0.923466 0.051649 0.052373
22 0.315430 0.874855 0.073568 0.047164
22 0.555447 0.757089 0.074436 0.048900
22 0.305447 0.568576 0.048394 0.031829
22 0.531359 0.410880 0.080512 0.039931
22 0.375109 0.246817 0.077474 0.038773
22 0.596137 0.640336 0.079861 0.040509
22 0.582357 0.301939 0.090495 0.039641
23 0.275391 0.504485 0.029948 0.082465
26 0.477756 0.867622 0.045790 0.046007
26 0.536024 0.554109 0.042969 0.041667
26 0.681858 0.298466 0.038628 0.037905
26 0.396810 0.157552 0.041016 0.041377
26 0.762695 0.640336 0.037109 0.037616
26 0.638672 0.746238 0.034722 0.033565
26 0.623264 0.410156 0.042101 0.039641
26 0.311849 0.772280 0.039062 0.040509
27 0.833442 0.775897 0.035807 0.060475
27 0.843641 0.264902 0.031901 0.058160
28 0.594510 0.548322 0.044488 0.045718
28 0.550998 0.862124 0.046441 0.047743
28 0.687391 0.407552 0.038845 0.037905
28 0.354058 0.428530 0.044488 0.040509
28 0.369466 0.767506 0.038411 0.036169
28 0.467122 0.153067 0.045356 0.041667
28 0.694336 0.638889 0.040148 0.034144
28 0.743164 0.298177 0.038845 0.043113
28 0.409722 0.662471 0.035156 0.037326
28 0.688585 0.742766 0.036458 0.035301
29 0.837240 0.691696 0.028212 0.063947
29 0.848524 0.192130 0.032118 0.052662
