1 0.407010 0.582899 0.021484 0.052951
1 0.466254 0.490162 0.018880 0.049190
1 0.064236 0.635851 0.018663 0.050637
2 0.802409 0.850116 0.037977 0.032986
2 0.763346 0.426215 0.037543 0.037037
2 0.851780 0.853009 0.036024 0.029514
2 0.829644 0.552807 0.038194 0.026331
2 0.833876 0.676360 0.038411 0.035590
2 0.753689 0.844907 0.037760 0.033565
2 0.101562 0.797598 0.038194 0.032118
2 0.106120 0.692564 0.038194 0.035590
2 0.709093 0.429977 0.035807 0.039931
8 0.253147 0.568721 0.040582 0.027488
8 0.800781 0.302373 0.050781 0.038773
8 0.726345 0.548756 0.047743 0.037905
8 0.711589 0.207031 0.052517 0.029225
8 0.769531 0.209201 0.048177 0.031829
8 0.829427 0.214265 0.037326 0.028646
9 0.158637 0.571181 0.019531 0.072917
9 0.652235 0.490596 0.024089 0.069734
9 0.294162 0.656973 0.018880 0.085359
9 0.200629 0.466725 0.023655 0.076968
12 0.150065 0.804832 0.021918 0.024595
12 0.709093 0.840133 0.025825 0.032118
16 0.511827 0.350116 0.027995 0.032407
13 0.203776 0.310041 0.025608 0.026331
13 0.401910 0.502315 0.022569 0.027199
13 0.907986 0.440972 0.023003 0.034144
13 0.913086 0.519387 0.024957 0.034722
14 0.620551 0.226273 0.020182 0.045139
14 0.036567 0.745949 0.022786 0.031250
15 0.398655 0.238137 0.036892 0.035301
15 0.466363 0.261285 0.026476 0.024306
15 0.276150 0.222946 0.028429 0.037905
15 0.152669 0.210214 0.018446 0.038484
16 0.966580 0.830295 0.024740 0.044850
17 0.677951 0.891059 0.035590 0.030382
22 0.715278 0.663194 0.051649 0.042824
22 0.716471 0.300492 0.052734 0.033854
22 0.248806 0.725116 0.044488 0.036458
23 0.648980 0.360677 0.022786 0.076678
23 0.463976 0.720052 0.021267 0.081887
23 0.296441 0.482060 0.020833 0.096065
23 0.158963 0.416233 0.019748 0.054688
26 0.348633 0.815828 0.041884 0.022859
26 0.900825 0.856771 0.035156 0.027199
26 0.880317 0.549913 0.026259 0.025174
26 0.777127 0.673032 0.028646 0.027199
26 0.819336 0.426649 0.034939 0.026910
28 0.773546 0.552373 0.026693 0.026620
27 0.465386 0.591725 0.020182 0.045139
27 0.652344 0.710069 0.019097 0.045139
27 0.405056 0.711950 0.019314 0.050058
27 0.066298 0.544560 0.021050 0.039352
28 0.246311 0.809606 0.024740 0.026042
29 0.925781 0.753183 0.020833 0.049769
29 0.652669 0.609664 0.019314 0.045718
29 0.467990 0.398872 0.018880 0.042535
14 0.624891 0.805411 0.021484 0.035590
13 0.652561 0.255642 0.022569 0.031539
29 0.068142 0.475550 0.018229 0.032118
