0 0.490126 0.802517 0.064453 0.050058
9 0.888780 0.898148 0.041016 0.108796
12 0.709961 0.797743 0.049696 0.050926
12 0.815104 0.625579 0.040799 0.041667
13 0.560764 0.548466 0.059462 0.044271
13 0.374132 0.315249 0.036024 0.059317
14 0.352648 0.814525 0.051215 0.067130
15 0.518446 0.093461 0.042101 0.054398
16 0.641276 0.185475 0.046007 0.083333
22 0.604275 0.798322 0.104384 0.056134
22 0.448025 0.200521 0.077474 0.054977
23 0.569227 0.337240 0.034288 0.090567
23 0.566298 0.466146 0.035373 0.087384
27 0.393121 0.563947 0.029297 0.084491
28 0.830729 0.808738 0.066840 0.056134
29 0.383681 0.435041 0.046441 0.096354
0 0.690647 0.615596 0.079210 0.041377
