0 0.412001 0.778646 0.066189 0.046296
0 0.609484 0.590567 0.075304 0.039931
9 0.803277 0.868200 0.038411 0.110243
12 0.626519 0.772425 0.046875 0.051215
12 0.731120 0.602286 0.050781 0.051794
13 0.476888 0.526620 0.057075 0.052083
13 0.294813 0.296730 0.038845 0.048322
14 0.275933 0.789641 0.051432 0.064236
15 0.436632 0.073061 0.045139 0.044271
16 0.559136 0.164641 0.049262 0.071759
22 0.369249 0.182581 0.072700 0.053241
22 0.524197 0.773727 0.102214 0.053241
23 0.485352 0.444155 0.032769 0.091435
23 0.489800 0.319300 0.035156 0.089410
27 0.313477 0.543547 0.029297 0.081308
28 0.746528 0.781973 0.065104 0.057002
29 0.306315 0.415943 0.047526 0.097512
