1 0.298720 0.449797 0.038411 0.054688
2 0.481662 0.110822 0.041016 0.040509
3 0.542209 0.451968 0.038845 0.058449
8 0.589627 0.101273 0.064236 0.027778
8 0.616211 0.363715 0.063585 0.041088
9 0.299479 0.339265 0.034722 0.078993
12 0.672743 0.098090 0.031250 0.035301
13 0.297309 0.254485 0.024306 0.033275
17 0.654297 0.647714 0.059896 0.050637
17 0.740451 0.577257 0.060330 0.047454
23 0.299262 0.167390 0.029514 0.073206
23 0.729601 0.280093 0.026476 0.097801
26 0.485786 0.547020 0.047092 0.039062
28 0.369358 0.550203 0.045573 0.037905
