0 0.645942 0.125723 0.039280 0.050058
0 0.513346 0.875000 0.035373 0.042245
0 0.632161 0.867477 0.036458 0.045139
1 0.860894 0.525029 0.052951 0.069734
2 0.295356 0.593027 0.049913 0.054109
2 0.247830 0.876013 0.041233 0.050058
2 0.504666 0.572483 0.061415 0.063947
3 0.693359 0.709201 0.042101 0.057292
3 0.187283 0.287182 0.054688 0.073785
3 0.027127 0.799913 0.037760 0.060475
8 0.124349 0.919560 0.067708 0.041667
8 0.758030 0.865741 0.089844 0.048032
8 0.267578 0.142795 0.116753 0.059317
8 0.428494 0.134549 0.095703 0.052662
9 0.870334 0.255498 0.041450 0.103009
9 0.179036 0.521991 0.055122 0.102431
12 0.392578 0.584780 0.040799 0.061921
12 0.059353 0.662326 0.031033 0.053241
13 0.863173 0.635417 0.029297 0.035880
13 0.180664 0.392650 0.056207 0.055556
14 0.098307 0.818576 0.029948 0.058449
15 0.495334 0.068576 0.086155 0.048032
16 0.970378 0.571759 0.049262 0.083912
17 0.579210 0.931568 0.058160 0.048322
22 0.404080 0.875145 0.078993 0.046586
22 0.634549 0.550203 0.089410 0.054109
22 0.767578 0.117766 0.101128 0.048032
22 0.112088 0.153646 0.102214 0.051505
23 0.859266 0.742188 0.041450 0.109375
23 0.127279 0.567853 0.033203 0.123553
23 0.163954 0.700666 0.051432 0.135706
23 0.053060 0.449219 0.035373 0.122975
26 0.541233 0.131510 0.051649 0.057002
29 0.869792 0.412182 0.044705 0.088252
13 0.047852 0.294126 0.034505 0.047164
