0 0.319987 0.556279 0.042752 0.041956
0 0.334527 0.917535 0.038411 0.042245
0 0.723090 0.924190 0.046007 0.042824
0 0.227105 0.568866 0.034505 0.037616
0 0.411241 0.919705 0.039062 0.053530
1 0.054362 0.842014 0.031033 0.058449
1 0.548720 0.613571 0.037977 0.059896
2 0.479167 0.296296 0.040799 0.045718
2 0.320855 0.311632 0.035373 0.039352
2 0.770833 0.189091 0.035156 0.040220
2 0.602539 0.197483 0.035373 0.039641
2 0.103516 0.215712 0.042535 0.044850
3 0.669054 0.682436 0.046441 0.056424
3 0.909071 0.650318 0.039062 0.051794
3 0.908312 0.869936 0.037109 0.050637
8 0.147895 0.573206 0.070964 0.041667
8 0.243056 0.924334 0.076823 0.039641
8 0.588976 0.285446 0.074219 0.035590
8 0.620117 0.928530 0.083116 0.038773
8 0.491753 0.199219 0.082031 0.039641
8 0.793620 0.721209 0.082031 0.044850
9 0.910699 0.769387 0.038845 0.105324
9 0.912218 0.461372 0.034071 0.096933
9 0.052843 0.676360 0.031901 0.107350
9 0.550890 0.726562 0.031901 0.100116
12 0.796332 0.919994 0.039280 0.052373
12 0.386176 0.553385 0.023220 0.036748
12 0.406250 0.303096 0.034722 0.040220
12 0.675130 0.194010 0.029514 0.045428
13 0.665365 0.496817 0.035590 0.036458
13 0.910048 0.554977 0.034505 0.037037
13 0.052626 0.514902 0.029731 0.037326
15 0.674588 0.816840 0.044054 0.040509
15 0.416884 0.469473 0.053385 0.043113
15 0.194119 0.835069 0.047960 0.048032
15 0.562174 0.131800 0.061849 0.041377
15 0.157769 0.145544 0.051649 0.041088
22 0.466905 0.547164 0.077474 0.041667
22 0.498698 0.925058 0.074219 0.037616
22 0.136176 0.922020 0.070530 0.043692
22 0.371853 0.203848 0.074870 0.035590
22 0.869575 0.180122 0.079427 0.040220
23 0.266493 0.438368 0.034722 0.105324
23 0.661241 0.400463 0.036024 0.103009
23 0.915365 0.328414 0.033420 0.105324
23 0.052192 0.412616 0.031033 0.104167
26 0.214193 0.212095 0.040799 0.039352
27 0.050890 0.316551 0.037543 0.047454
28 0.294271 0.210359 0.038628 0.032986
29 0.553928 0.839410 0.030599 0.057870
29 0.665039 0.574363 0.039280 0.067708
