1 0.277886 0.593316 0.053602 0.081887
12 0.817925 0.107060 0.046007 0.048032
13 0.282227 0.313368 0.035373 0.046296
17 0.785048 0.896701 0.087023 0.076389
17 0.914062 0.792969 0.097222 0.077257
2 0.545356 0.121962 0.056424 0.051215
23 0.289714 0.196904 0.042101 0.097512
23 0.897569 0.365162 0.040365 0.129051
26 0.542969 0.740162 0.067274 0.056713
28 0.377279 0.739728 0.065755 0.057581
3 0.625109 0.601562 0.059679 0.083912
8 0.698893 0.108941 0.091797 0.039641
8 0.738607 0.479890 0.094835 0.061053
9 0.282118 0.434462 0.046441 0.111979
