0 0.186343 0.095269 0.067130 0.052083
0 0.201823 0.481445 0.066840 0.041884
0 0.500723 0.847005 0.065104 0.042101
0 0.504630 0.081272 0.065394 0.038411
0 0.572193 0.850369 0.061632 0.040582
12 0.330729 0.848307 0.040509 0.044705
12 0.423032 0.478407 0.038194 0.038411
13 0.130932 0.553277 0.044850 0.035807
14 0.050203 0.404731 0.047164 0.072483
16 0.783131 0.129774 0.058738 0.072917
16 0.794416 0.423177 0.061632 0.075521
16 0.800347 0.703885 0.054977 0.073568
2 0.215712 0.847982 0.063368 0.037977
22 0.188368 0.767795 0.082755 0.032118
22 0.364728 0.083116 0.105613 0.034722
22 0.416667 0.851020 0.083333 0.034071
22 0.511863 0.478299 0.092014 0.032118
23 0.126736 0.277886 0.039352 0.086155
23 0.296296 0.371528 0.058449 0.077257
23 0.689381 0.568468 0.037326 0.096571
27 0.671730 0.252062 0.048900 0.052734
29 0.677083 0.367622 0.049190 0.046007
3 0.294850 0.557075 0.051505 0.046007
9 0.133681 0.690972 0.043981 0.078993
9 0.290799 0.208116 0.049769 0.070747
9 0.303096 0.708876 0.046586 0.077908
9 0.697483 0.777778 0.038484 0.078993
