0 0.309896 0.904948 0.053819 0.064525
1 0.110894 0.668113 0.036892 0.055556
1 0.102214 0.798466 0.033420 0.059317
1 0.184353 0.419850 0.040148 0.044560
1 0.114366 0.288773 0.028212 0.049190
2 0.348850 0.194589 0.047960 0.053530
2 0.675022 0.159722 0.035373 0.037037
2 0.458116 0.317274 0.029514 0.032118
3 0.850803 0.636863 0.041450 0.048611
3 0.506619 0.638166 0.037977 0.049479
8 0.180339 0.915943 0.111979 0.063947
8 0.395725 0.587963 0.068359 0.040509
8 0.591905 0.877025 0.092665 0.062500
8 0.752279 0.154803 0.085286 0.042824
8 0.571506 0.300058 0.096137 0.043981
9 0.512804 0.770255 0.039931 0.104167
9 0.761068 0.486979 0.046007 0.112269
9 0.855903 0.762008 0.038628 0.127025
9 0.113715 0.427951 0.032986 0.107639
12 0.739258 0.865307 0.044488 0.058738
12 0.462023 0.182147 0.027344 0.040799
13 0.762153 0.376881 0.037326 0.029803
13 0.504774 0.536892 0.040799 0.041956
13 0.186849 0.498987 0.046875 0.039641
13 0.846788 0.241319 0.040365 0.040509
13 0.109266 0.563802 0.041884 0.048322
15 0.645074 0.082176 0.048394 0.041088
15 0.276476 0.094473 0.091146 0.054109
16 0.930122 0.287182 0.043837 0.067419
17 0.805447 0.938802 0.063151 0.047164
22 0.715169 0.289786 0.079210 0.044850
22 0.444661 0.890625 0.094618 0.052083
22 0.263889 0.590278 0.103733 0.048611
22 0.574761 0.170862 0.105686 0.044850
23 0.504123 0.452112 0.039931 0.106192
23 0.847765 0.377894 0.034071 0.122685
26 0.215169 0.197772 0.048828 0.048900
26 0.255100 0.334780 0.047526 0.052083
28 0.359701 0.326100 0.047092 0.048032
29 0.852105 0.519821 0.054470 0.075521
14 0.041450 0.507378 0.037760 0.102720
