0 0.203414 0.205729 0.068287 0.052083
0 0.222801 0.593316 0.064815 0.038628
0 0.522859 0.959961 0.063657 0.043186
0 0.523582 0.193468 0.069734 0.034505
2 0.233941 0.960286 0.065104 0.038194
3 0.315828 0.670030 0.050637 0.050130
9 0.150897 0.803385 0.044271 0.084635
9 0.321036 0.822157 0.047743 0.077908
9 0.717448 0.889648 0.038484 0.077040
9 0.307870 0.317817 0.050926 0.066623
12 0.443432 0.591363 0.039641 0.038194
12 0.349392 0.961046 0.039062 0.044922
13 0.148293 0.664822 0.046007 0.036675
16 0.818721 0.817274 0.062211 0.072049
16 0.804398 0.243381 0.062500 0.073134
16 0.815972 0.536133 0.060185 0.074436
22 0.436487 0.962565 0.083623 0.032335
22 0.205440 0.878472 0.086227 0.032552
22 0.385272 0.194227 0.111400 0.035590
22 0.532118 0.592014 0.097801 0.031250
23 0.709346 0.683268 0.037326 0.098307
23 0.143084 0.391059 0.039641 0.083333
23 0.316840 0.483290 0.056134 0.075087
27 0.693287 0.367079 0.043981 0.060981
29 0.695891 0.481988 0.050926 0.037760
14 0.069300 0.515625 0.050637 0.074653
0 0.591580 0.962565 0.066262 0.040582
