1 0.278429 0.554253 0.061198 0.118345
1 0.938477 0.710648 0.063585 0.122106
1 0.927843 0.363426 0.069661 0.101273
8 0.428385 0.941117 0.118490 0.070312
15 0.279514 0.174913 0.044705 0.054109
15 0.611654 0.137297 0.074002 0.070891
22 0.514865 0.641927 0.114800 0.062789
22 0.516602 0.353877 0.104384 0.063079
23 0.278429 0.280816 0.042969 0.129919
23 0.286892 0.811053 0.056424 0.136574
26 0.368924 0.659867 0.078993 0.077257
27 0.620334 0.427807 0.068793 0.079572
27 0.612522 0.728443 0.064453 0.081887
28 0.388889 0.365307 0.062500 0.056424
29 0.616970 0.248409 0.073351 0.095775
29 0.613824 0.847512 0.070095 0.096065
29 0.616102 0.550058 0.068142 0.096065
