0 0.233507 0.777452 0.055556 0.032335
0 0.358652 0.775174 0.055266 0.032118
0 0.352431 0.038086 0.064815 0.038845
1 0.625868 0.378147 0.032986 0.043186
1 0.626881 0.448893 0.040799 0.050998
1 0.625579 0.234266 0.035301 0.042318
1 0.627170 0.303602 0.037905 0.037326
1 0.707321 0.814453 0.032118 0.035590
2 0.185041 0.676649 0.055266 0.029948
2 0.363715 0.910373 0.057870 0.036458
2 0.262442 0.366211 0.059028 0.029731
2 0.122541 0.045139 0.061632 0.035590
2 0.348958 0.675781 0.061921 0.032986
3 0.620804 0.170898 0.039062 0.035807
3 0.619068 0.119466 0.035590 0.041016
8 0.181134 0.171115 0.065972 0.029297
8 0.729167 0.335612 0.076389 0.028429
8 0.631076 0.753798 0.062500 0.018012
8 0.719039 0.143446 0.067708 0.020833
9 0.805411 0.376628 0.034433 0.042318
9 0.079572 0.437500 0.033565 0.058160
12 0.109086 0.169488 0.035880 0.032118
12 0.401476 0.170790 0.029225 0.033420
12 0.201968 0.037109 0.032986 0.033420
12 0.721644 0.748372 0.030671 0.026693
14 0.547598 0.853299 0.033275 0.035590
15 0.562211 0.733724 0.037037 0.023872
16 0.432147 0.911241 0.037326 0.040799
16 0.427228 0.775499 0.037326 0.037543
16 0.447338 0.367405 0.027778 0.024306
16 0.836516 0.491862 0.046296 0.032769
16 0.442564 0.168403 0.026910 0.037326
16 0.819010 0.074110 0.037326 0.037977
16 0.456742 0.529948 0.029225 0.030382
22 0.142361 0.369358 0.072917 0.026476
22 0.731626 0.411241 0.062789 0.027778
22 0.723669 0.263238 0.065972 0.025174
22 0.257957 0.911241 0.068576 0.033420
22 0.723958 0.199219 0.070023 0.022569
22 0.395689 0.366862 0.060475 0.023220
22 0.260851 0.039605 0.065104 0.024957
22 0.714554 0.930013 0.062211 0.032769
22 0.655237 0.851128 0.057581 0.028646
23 0.418837 0.101562 0.028646 0.056858
23 0.289931 0.712891 0.031250 0.042969
23 0.070023 0.107422 0.034144 0.055122
23 0.355469 0.483832 0.029225 0.044922
23 0.219473 0.479709 0.028646 0.052734
23 0.092882 0.833767 0.039352 0.073785
23 0.309606 0.844076 0.037616 0.056641
23 0.797743 0.233832 0.031829 0.039280
26 0.177662 0.524740 0.040509 0.024740
26 0.161024 0.778754 0.057002 0.039714
26 0.316406 0.530165 0.046586 0.026476
26 0.708044 0.073676 0.051505 0.025825
27 0.211227 0.410048 0.037616 0.036241
27 0.569010 0.787652 0.033854 0.036241
27 0.301505 0.106662 0.039931 0.041450
28 0.735532 0.493490 0.054977 0.029948
28 0.257957 0.169922 0.052951 0.032986
28 0.150752 0.912109 0.057870 0.036458
28 0.122975 0.523980 0.053819 0.033637
28 0.404225 0.529622 0.054977 0.029731
28 0.260706 0.527452 0.050347 0.031033
28 0.617188 0.927517 0.054398 0.031250
29 0.351562 0.420573 0.027778 0.036892
16 0.772714 0.927951 0.032697 0.038628
