0 0.23847255110740662 0.7205138206481934 0.04025829955935478 0.03788838783899943
1 0.7631675004959106 0.581810474395752 0.035543717443943024 0.06654220322767893
3 0.11149357259273529 0.20222775141398114 0.03688131645321846 0.056587020556131996
8 0.21961578726768494 0.9255952835083008 0.05930335447192192 0.03270654628674189
8 0.244752436876297 0.27913900216420495 0.052757494151592255 0.04002967725197474
8 0.3286703824996948 0.2806154092152914 0.056001223623752594 0.03576567769050598
8 0.1720016896724701 0.2803739706675212 0.052500493824481964 0.038791410624980927
9 0.11961875855922699 0.8243675231933594 0.027278658002614975 0.06490015983581543
9 0.5677723288536072 0.6618414719899495 0.027257973328232765 0.06023562947909037
9 0.06330186873674393 0.8184676170349121 0.03188024461269379 0.06732864677906036
12 0.14690503478050232 0.9281433423360188 0.03432145714759827 0.03672890613476435
13 0.6559114456176758 0.5817587375640869 0.0335686169564724 0.052465081214904785
13 0.37650713324546814 0.20867582162221276 0.03834598511457443 0.033908111353715256
15 0.3115345239639282 0.68052077293396 0.039935093373060226 0.034939174850781754
15 0.8833751082420349 0.433188796043396 0.03621843457221985 0.03665247311194737
15 0.6511320471763611 0.4337079922358195 0.028927922248840332 0.03314306090275446
15 0.7647681832313538 0.43195128440856934 0.030672883614897728 0.03915146986643473
22 0.16160599887371063 0.7206439177195231 0.05459950491786003 0.03344115366538365
23 0.5664830803871155 0.5529958407084147 0.03256247937679291 0.06762913862864176
27 0.3061828017234802 0.8691399097442627 0.03322908654808998 0.04852913816769917
29 0.30895212292671204 0.7628777027130127 0.034671470522880554 0.045269409815470375
29 0.8785101175308228 0.6623984177907307 0.034708186984062195 0.04984939595063527
