14 0.114149 0.747830 0.052517 0.069155
14 0.122830 0.562211 0.050347 0.061343
14 0.123155 0.403212 0.051432 0.058160
14 0.131293 0.263021 0.053385 0.065972
15 0.224609 0.062789 0.042535 0.056134
15 0.322049 0.061343 0.042535 0.056134
15 0.407227 0.072338 0.039714 0.056713
15 0.497070 0.069155 0.047526 0.064236
15 0.598958 0.069734 0.041667 0.061343
16 0.681207 0.206742 0.035156 0.059317
16 0.690972 0.332176 0.044271 0.064236
16 0.693142 0.455874 0.039931 0.063947
16 0.695530 0.595197 0.042101 0.063079
16 0.699870 0.743056 0.042101 0.063079
17 0.212457 0.864439 0.050781 0.047743
17 0.296115 0.868634 0.040148 0.054398
17 0.381185 0.888021 0.045356 0.056134
17 0.466363 0.883102 0.046875 0.060764
17 0.542426 0.875868 0.048828 0.060185
17 0.625109 0.884115 0.048828 0.056424
26 0.335069 0.788050 0.057726 0.070891
26 0.496853 0.784867 0.054905 0.067419
26 0.545247 0.161314 0.055339 0.065104
27 0.191623 0.474682 0.059028 0.092882
27 0.193685 0.327257 0.050130 0.076389
27 0.622504 0.394676 0.051866 0.076389
27 0.624457 0.642072 0.041884 0.074074
28 0.252279 0.788484 0.050998 0.058449
28 0.279188 0.139323 0.058811 0.055845
28 0.365668 0.150752 0.058160 0.060764
28 0.410156 0.784867 0.054688 0.059317
28 0.451063 0.156395 0.057075 0.054688
28 0.575412 0.779659 0.064887 0.061053
29 0.189996 0.652344 0.051432 0.096354
29 0.191298 0.188947 0.048828 0.064236
29 0.619032 0.290220 0.045790 0.072338
29 0.625109 0.526620 0.048828 0.085648
30 0.197374 0.146267 0.017144 0.024016
31 0.611762 0.166377 0.019097 0.023727
33 0.198568 0.786314 0.017361 0.027488
34 0.186632 0.742043 0.019965 0.029803
34 0.187934 0.563368 0.019965 0.030093
34 0.188477 0.405816 0.019314 0.029225
34 0.191515 0.263455 0.018012 0.030961
34 0.617947 0.781105 0.022786 0.037326
35 0.226780 0.134549 0.021267 0.023148
35 0.323351 0.140770 0.019965 0.026331
35 0.408312 0.145255 0.019748 0.025463
35 0.498589 0.150029 0.022352 0.026910
35 0.594293 0.155093 0.022352 0.027199
36 0.623698 0.210359 0.024306 0.029514
36 0.625977 0.341725 0.019314 0.026620
36 0.628147 0.456887 0.019314 0.026620
36 0.628364 0.593027 0.019314 0.026331
36 0.630751 0.747830 0.019748 0.029803
37 0.211589 0.798900 0.020833 0.027778
37 0.294705 0.796296 0.020833 0.027778
37 0.377496 0.793692 0.020616 0.027778
37 0.460938 0.793113 0.020833 0.027778
37 0.535590 0.795139 0.021267 0.028935
