12 0.166016 0.327836 0.033420 0.051505
12 0.298503 0.327402 0.036241 0.052951
12 0.429036 0.329427 0.034722 0.055845
17 0.108724 0.667101 0.062500 0.057581
17 0.487956 0.661169 0.069227 0.054398
17 0.876085 0.672598 0.061198 0.050637
2 0.603190 0.164931 0.052734 0.044560
2 0.697591 0.167390 0.052734 0.047164
2 0.787652 0.168113 0.047960 0.045718
22 0.171224 0.166522 0.079861 0.047743
22 0.321940 0.165075 0.091363 0.046586
22 0.470378 0.163918 0.077474 0.046586
26 0.556315 0.329282 0.054470 0.051505
26 0.671766 0.326678 0.054036 0.050347
26 0.778646 0.328414 0.059028 0.049769
28 0.186957 0.510417 0.056207 0.053241
28 0.297743 0.512297 0.053819 0.055266
28 0.413737 0.510127 0.054036 0.053819
30 0.094510 0.174479 0.021484 0.025463
31 0.885091 0.178530 0.020616 0.032986
34 0.873806 0.498409 0.022352 0.043692
34 0.874132 0.325666 0.020833 0.043692
36 0.097656 0.326100 0.019097 0.042824
36 0.104492 0.506944 0.019748 0.042245
37 0.486979 0.515191 0.029514 0.027488
8 0.550673 0.506800 0.067057 0.040799
8 0.665799 0.505787 0.075087 0.043403
8 0.777344 0.504196 0.061632 0.041377
