1 0.146918 0.433594 0.039497 0.077257
1 0.318034 0.648872 0.027561 0.048900
1 0.636176 0.391638 0.040582 0.063368
1 0.638238 0.465133 0.032986 0.063368
1 0.639323 0.543692 0.030816 0.066551
1 0.642361 0.623698 0.034722 0.039641
12 0.363281 0.701244 0.026042 0.040220
13 0.310221 0.466580 0.036675 0.029803
13 0.312174 0.517795 0.038411 0.031539
13 0.314996 0.591435 0.035373 0.027199
14 0.084201 0.370081 0.041667 0.048032
14 0.252279 0.706163 0.026259 0.036169
14 0.258247 0.326823 0.023872 0.038484
14 0.258681 0.430122 0.024740 0.030961
14 0.271484 0.559462 0.028212 0.038484
15 0.448134 0.270399 0.036458 0.032118
15 0.606554 0.278067 0.025608 0.039352
15 0.712674 0.273727 0.030382 0.043403
16 0.784180 0.702980 0.024957 0.045428
17 0.315213 0.751013 0.039714 0.030382
17 0.485569 0.758536 0.025391 0.034433
17 0.734918 0.767072 0.036675 0.034144
2 0.558702 0.311487 0.043186 0.032118
2 0.648872 0.313223 0.040799 0.032118
22 0.181966 0.659578 0.049696 0.032697
22 0.357313 0.324074 0.047092 0.021991
22 0.417426 0.318287 0.042318 0.024884
22 0.435438 0.698785 0.060547 0.031250
22 0.490234 0.311198 0.049913 0.034433
23 0.149957 0.592448 0.024306 0.067419
23 0.384332 0.584346 0.027778 0.068576
23 0.387370 0.494792 0.026910 0.076389
23 0.387695 0.668981 0.023655 0.050926
23 0.393880 0.407263 0.030816 0.067419
23 0.727431 0.565683 0.018663 0.074653
23 0.731554 0.647714 0.016493 0.055845
26 0.683594 0.702546 0.039931 0.034722
27 0.725260 0.474248 0.026910 0.054398
28 0.611437 0.701244 0.040582 0.036169
29 0.718207 0.404369 0.033203 0.067419
3 0.517036 0.524595 0.037109 0.075810
3 0.523980 0.448206 0.032335 0.060764
3 0.525174 0.365596 0.036892 0.062789
8 0.523438 0.700955 0.048177 0.024595
9 0.149089 0.517361 0.020833 0.064236
9 0.306098 0.392506 0.017578 0.055845
9 0.513238 0.612558 0.027778 0.068866
37 0.152561 0.378038 0.031684 0.023438
33 0.152127 0.657697 0.018229 0.022569
31 0.246202 0.654948 0.015408 0.019387
33 0.255751 0.673756 0.018012 0.019387
34 0.314453 0.681858 0.015191 0.022280
38 0.317166 0.704716 0.017144 0.023438
34 0.311740 0.560041 0.015408 0.026910
34 0.305013 0.433015 0.015408 0.021701
34 0.305881 0.359520 0.011936 0.020544
37 0.307509 0.331308 0.019531 0.019097
37 0.391602 0.327980 0.017578 0.024595
35 0.388021 0.696325 0.021267 0.019965
38 0.486220 0.703125 0.024523 0.027778
30 0.488498 0.669994 0.019097 0.022859
32 0.507921 0.660156 0.017144 0.019965
37 0.526693 0.316406 0.021267 0.023438
35 0.606988 0.310185 0.022569 0.019097
34 0.710720 0.317708 0.018663 0.028356
38 0.737196 0.703993 0.021701 0.029514
35 0.648112 0.694589 0.022786 0.022280
35 0.452148 0.310475 0.024089 0.020833
