1 0.110352 0.583623 0.042752 0.074074
1 0.279839 0.797309 0.023220 0.045428
1 0.592990 0.552807 0.038845 0.059317
1 0.594727 0.700666 0.027995 0.064525
1 0.595812 0.621094 0.037543 0.061632
1 0.597656 0.778791 0.026476 0.058738
12 0.323459 0.851128 0.026693 0.036169
13 0.272352 0.619936 0.036458 0.030382
13 0.274523 0.671152 0.037760 0.029803
13 0.275825 0.742043 0.036024 0.033854
14 0.050130 0.524306 0.047743 0.050347
14 0.212782 0.855903 0.027995 0.035301
14 0.222656 0.584491 0.025608 0.032986
14 0.222873 0.482494 0.022569 0.040220
14 0.232964 0.713108 0.023220 0.037905
15 0.409722 0.428675 0.036024 0.031539
15 0.563477 0.439815 0.019748 0.032986
15 0.668620 0.437211 0.028646 0.043981
16 0.734918 0.857784 0.024089 0.044850
17 0.276476 0.901476 0.037326 0.033275
17 0.443142 0.908131 0.026910 0.029803
17 0.685655 0.920573 0.034939 0.033854
2 0.517470 0.472801 0.039714 0.032986
2 0.607530 0.475984 0.040582 0.029514
22 0.142470 0.808594 0.050564 0.033854
22 0.319987 0.481337 0.046658 0.022280
22 0.380317 0.477286 0.044488 0.026331
22 0.396159 0.850694 0.060981 0.031250
22 0.450087 0.469039 0.046875 0.029514
23 0.111654 0.743345 0.026259 0.070602
23 0.344076 0.735532 0.023655 0.066551
23 0.346246 0.819300 0.021918 0.051794
23 0.348524 0.649161 0.025174 0.081308
23 0.356228 0.563947 0.031467 0.067708
23 0.680990 0.722512 0.015625 0.075810
23 0.683485 0.802228 0.016276 0.054109
26 0.636285 0.856916 0.039497 0.034433
27 0.678385 0.634115 0.026476 0.050637
28 0.565647 0.854456 0.038411 0.034722
29 0.674588 0.565538 0.031901 0.061632
3 0.476128 0.680411 0.036024 0.069155
3 0.482747 0.601128 0.037543 0.073206
3 0.484484 0.522425 0.038845 0.037905
8 0.481228 0.853877 0.045356 0.027199
9 0.111003 0.667535 0.026259 0.059606
9 0.270182 0.546586 0.017361 0.057870
9 0.472114 0.766204 0.025391 0.065394
37 0.117405 0.530237 0.032552 0.024016
33 0.111654 0.811777 0.018880 0.025752
31 0.210503 0.802662 0.019097 0.021991
33 0.215712 0.828559 0.020399 0.025174
34 0.278212 0.832465 0.018229 0.025463
37 0.271267 0.484375 0.026042 0.021991
34 0.664171 0.482205 0.024089 0.030382
34 0.269531 0.588542 0.021267 0.024306
38 0.444878 0.853877 0.023438 0.029514
30 0.445312 0.821181 0.019097 0.021991
32 0.468424 0.815683 0.021050 0.026620
34 0.270399 0.513600 0.020399 0.021991
38 0.278320 0.854890 0.022786 0.030382
38 0.688694 0.858218 0.022786 0.028935
35 0.603299 0.853443 0.024740 0.028646
37 0.486654 0.482494 0.024089 0.030382
