12 0.613498 0.394965 0.065972 0.120949
13 0.791775 0.519965 0.098307 0.081597
2 0.359701 0.133102 0.103950 0.119792
22 0.433919 0.393084 0.103516 0.097512
23 0.800890 0.314525 0.072266 0.181713
26 0.598524 0.690538 0.105035 0.127025
28 0.418511 0.697193 0.139540 0.157118
29 0.673611 0.545862 0.078993 0.116609
3 0.243815 0.315972 0.095269 0.155093
30 0.258572 0.142216 0.027995 0.033854
31 0.685221 0.410156 0.029731 0.043113
31 0.804688 0.156395 0.028212 0.029225
32 0.776150 0.658999 0.028863 0.037326
33 0.260525 0.687500 0.037109 0.046296
35 0.677409 0.666377 0.034071 0.032986
36 0.255317 0.412905 0.034939 0.053819
8 0.567057 0.140770 0.126302 0.081887
9 0.257921 0.521991 0.074870 0.131366
