0 0.722873 0.496672 0.038628 0.028646
0 0.729709 0.893808 0.039280 0.030671
1 0.502062 0.738860 0.020616 0.051794
1 0.900933 0.747251 0.029297 0.040799
12 0.836263 0.892940 0.024089 0.029514
12 0.838976 0.496672 0.021701 0.030961
13 0.508572 0.859230 0.032769 0.035012
13 0.911133 0.861690 0.026693 0.035880
14 0.458333 0.835938 0.029948 0.048032
14 0.459527 0.720197 0.024523 0.039931
14 0.460720 0.593171 0.027778 0.037616
15 0.639431 0.447049 0.040148 0.034144
15 0.755642 0.439236 0.031684 0.038194
15 0.863498 0.437355 0.042101 0.035590
16 0.935004 0.608652 0.027561 0.034433
16 0.945638 0.720341 0.033637 0.040799
16 0.955295 0.838108 0.036458 0.036169
17 0.609484 0.933738 0.036675 0.041088
17 0.758030 0.935041 0.032118 0.039641
17 0.880317 0.925926 0.027561 0.045718
22 0.783746 0.894965 0.047526 0.024306
22 0.784722 0.495081 0.043403 0.027199
23 0.505317 0.804109 0.016710 0.056713
23 0.905382 0.800637 0.017361 0.054977
26 0.668945 0.501881 0.036675 0.025174
26 0.683594 0.892650 0.037760 0.030093
27 0.501519 0.689091 0.023438 0.047164
27 0.900065 0.691406 0.021918 0.046586
28 0.612847 0.501736 0.038194 0.030093
28 0.637912 0.890480 0.038411 0.033275
29 0.501302 0.628328 0.023003 0.050058
29 0.896159 0.639034 0.021918 0.047164
8 0.560221 0.505498 0.042752 0.028356
8 0.564562 0.892361 0.050998 0.034144
9 0.498264 0.554832 0.016493 0.058738
9 0.892253 0.571759 0.019748 0.054398
