28 0.346463 0.232928 0.110894 0.114583
26 0.639106 0.223380 0.136719 0.105903
39 0.628581 0.356192 0.115668 0.071759
42 0.636610 0.305845 0.088325 0.037616
23 0.762478 0.431858 0.050564 0.126447
39 0.839952 0.443576 0.099609 0.085648
0 0.553494 0.576968 0.082682 0.104167
39 0.425239 0.638021 0.112630 0.071759
8 0.406033 0.570457 0.070747 0.069734
13 0.171984 0.447917 0.078776 0.070602
39 0.090820 0.450087 0.078776 0.074942
39 0.372179 0.372830 0.139757 0.072627
40 0.326389 0.319878 0.133247 0.061053
