12 0.410048 0.282407 0.126953 0.223958
8 0.719401 0.297743 0.186632 0.145833
39 0.735026 0.409867 0.140625 0.073785
23 0.855577 0.602720 0.084418 0.200231
39 0.940430 0.597367 0.078776 0.063368
39 0.669596 0.686343 0.075738 0.056713
40 0.653103 0.877604 0.093967 0.040509
26 0.659180 0.786458 0.117405 0.139468
8 0.367405 0.801939 0.175347 0.140336
39 0.379449 0.698061 0.125217 0.048322
23 0.192925 0.627459 0.075521 0.176794
39 0.106879 0.627315 0.090061 0.056713
29 0.172526 0.419416 0.092448 0.155382
39 0.047526 0.416811 0.086806 0.070891
43 0.100911 0.427373 0.036024 0.130787
39 0.421984 0.434462 0.099609 0.072049
