39 0.159433 0.202040 0.038773 0.027344
42 0.164931 0.226780 0.065972 0.021267
26 0.160880 0.259115 0.084491 0.047743
40 0.155671 0.295573 0.071759 0.020833
39 0.157407 0.360243 0.037037 0.026910
43 0.128183 0.370877 0.028356 0.040365
27 0.082176 0.368707 0.057870 0.061198
41 0.123843 0.484375 0.040509 0.040799
39 0.188657 0.490668 0.082176 0.034288
27 0.079282 0.486328 0.063657 0.059462
28 0.238137 0.557726 0.090856 0.046007
40 0.238426 0.592665 0.061343 0.016059
39 0.245949 0.612413 0.092593 0.030382
40 0.405382 0.519748 0.078125 0.022135
26 0.408854 0.556641 0.094329 0.049913
42 0.405382 0.588976 0.078125 0.013889
39 0.423032 0.610677 0.108796 0.028646
42 0.581597 0.526693 0.053241 0.023872
28 0.579282 0.561198 0.090278 0.046007
40 0.568866 0.593750 0.068287 0.016493
39 0.578993 0.612413 0.089699 0.027778
39 0.333912 0.202908 0.046296 0.034288
40 0.314236 0.224609 0.050926 0.019531
42 0.317419 0.288411 0.057292 0.018663
28 0.317998 0.256727 0.071181 0.039497
39 0.461516 0.219401 0.043403 0.023872
26 0.458912 0.253906 0.068287 0.038194
40 0.451968 0.284505 0.059028 0.017795
42 0.595197 0.284071 0.054977 0.016927
28 0.599826 0.251519 0.073495 0.036024
42 0.602431 0.220269 0.043981 0.015191
39 0.594618 0.200738 0.050347 0.023872
40 0.736400 0.218750 0.054977 0.019097
42 0.739583 0.280165 0.052083 0.018663
26 0.743056 0.248915 0.071759 0.039497
39 0.752315 0.194010 0.042824 0.028646
28 0.364005 0.370877 0.081019 0.054688
42 0.363571 0.411892 0.073206 0.021701
39 0.357494 0.437609 0.047743 0.033203
39 0.552662 0.431424 0.052083 0.028212
40 0.547309 0.403429 0.073206 0.017795
26 0.549913 0.369249 0.079572 0.052734
42 0.553096 0.333442 0.064525 0.020182
26 0.647859 0.460395 0.049769 0.046224
43 0.684028 0.458767 0.016782 0.029948
39 0.714120 0.456272 0.034722 0.022786
27 0.809172 0.508681 0.070312 0.064670
43 0.846788 0.511393 0.024016 0.047092
39 0.904225 0.514648 0.089699 0.031033
27 0.838831 0.405924 0.064236 0.053168
41 0.885851 0.398872 0.041377 0.039062
43 0.796441 0.398546 0.024595 0.050564
39 0.764323 0.400933 0.061632 0.027127
39 0.919416 0.317491 0.065104 0.036892
43 0.888021 0.326931 0.025463 0.041884
27 0.850694 0.320095 0.060764 0.058594
