14 0.075521 0.396557 0.060764 0.112558
28 0.281901 0.276620 0.108507 0.095486
42 0.292101 0.204861 0.133681 0.043403
9 0.190104 0.556134 0.043403 0.093750
39 0.262261 0.556568 0.110894 0.067419
17 0.335938 0.850839 0.052517 0.071470
23 0.408963 0.573206 0.046658 0.101273
27 0.520182 0.569734 0.055990 0.101273
43 0.564453 0.557292 0.034288 0.078125
39 0.600477 0.541667 0.059462 0.042245
2 0.666450 0.732205 0.054253 0.092303
16 0.807943 0.724537 0.053385 0.085648
29 0.727648 0.604167 0.081597 0.102431
43 0.672635 0.595631 0.033203 0.092303
39 0.803168 0.591725 0.085938 0.064236
39 0.827365 0.409722 0.100911 0.054977
27 0.720378 0.404514 0.071832 0.113426
41 0.766168 0.405237 0.023655 0.085359
42 0.518772 0.333623 0.100911 0.039931
39 0.518772 0.383247 0.104384 0.065683
26 0.522461 0.266782 0.080078 0.093750
15 0.433594 0.150463 0.067708 0.087963
39 0.286892 0.354456 0.095052 0.055556
39 0.455295 0.565538 0.041667 0.047743
