39 0.394314 0.056713 0.110243 0.060185
8 0.365343 0.125868 0.079644 0.065394
26 0.207357 0.131221 0.057943 0.069734
42 0.213433 0.079716 0.074870 0.046007
39 0.215820 0.194878 0.089193 0.055845
12 0.523220 0.122685 0.043403 0.071759
39 0.530924 0.183160 0.089193 0.051505
23 0.625760 0.284433 0.045790 0.084491
14 0.536567 0.367477 0.047526 0.066551
29 0.604818 0.463397 0.037760 0.097512
43 0.638672 0.463397 0.028212 0.073785
39 0.689670 0.445602 0.080295 0.042824
13 0.558702 0.714699 0.056207 0.066551
16 0.558702 0.848090 0.044922 0.063079
2 0.430881 0.858218 0.075738 0.066551
8 0.260525 0.870660 0.099609 0.056713
39 0.304688 0.808449 0.117188 0.052662
39 0.215061 0.722222 0.066840 0.042824
43 0.173286 0.742477 0.027995 0.072917
17 0.126628 0.944444 0.050564 0.050347
39 0.348524 0.660590 0.071615 0.052662
12 0.356120 0.575376 0.040365 0.087674
16 0.377387 0.482784 0.044271 0.061053
39 0.388672 0.390046 0.094184 0.057870
9 0.321181 0.401331 0.036024 0.093171
39 0.152778 0.490741 0.102865 0.049190
22 0.125868 0.431858 0.074653 0.068576
16 0.114149 0.304253 0.043403 0.049479
29 0.127496 0.747975 0.050564 0.092014
