14 0.083659 0.254919 0.064453 0.100694
26 0.281033 0.212095 0.101997 0.109375
15 0.379015 0.072338 0.079644 0.101852
28 0.557075 0.344329 0.102865 0.101852
42 0.550130 0.412471 0.081163 0.043113
39 0.549371 0.446325 0.068359 0.048322
39 0.374566 0.395833 0.093316 0.048032
26 0.359701 0.471933 0.066623 0.099537
42 0.363715 0.529369 0.085938 0.040799
12 0.336372 0.597801 0.049045 0.064236
26 0.464627 0.745226 0.085069 0.091146
39 0.482313 0.810619 0.101345 0.054688
42 0.467122 0.683594 0.067491 0.032118
17 0.278537 0.874855 0.071398 0.088831
3 0.192166 0.668692 0.057943 0.085648
23 0.200195 0.503038 0.044922 0.082465
39 0.148329 0.499855 0.052300 0.058738
39 0.143121 0.361545 0.072266 0.061053
9 0.198568 0.370226 0.041667 0.088831
39 0.301866 0.323061 0.098958 0.054688
40 0.276584 0.286603 0.078776 0.046007
