15 0.297852 0.174045 0.057075 0.097512
8 0.410807 0.288194 0.123698 0.076968
15 0.624566 0.171875 0.067708 0.067708
23 0.713433 0.378762 0.039280 0.125579
39 0.768121 0.365307 0.061849 0.055845
16 0.814236 0.454282 0.057726 0.076968
39 0.779297 0.557147 0.058594 0.053530
43 0.732639 0.566262 0.028212 0.082755
27 0.688477 0.563657 0.066623 0.103009
17 0.608073 0.770399 0.053819 0.070891
12 0.526910 0.703993 0.053819 0.098380
28 0.343641 0.702402 0.079644 0.095197
39 0.346029 0.805266 0.105252 0.056713
42 0.339193 0.761429 0.086806 0.039641
29 0.261285 0.509983 0.054688 0.120081
41 0.304688 0.506221 0.032118 0.082465
39 0.362088 0.515336 0.089193 0.045139
39 0.422418 0.351852 0.079644 0.050347
9 0.163628 0.496094 0.040799 0.128762
39 0.115343 0.497685 0.063585 0.059028
