0 0.763021 0.933738 0.067708 0.053819
0 0.847114 0.938802 0.057509 0.054109
0 0.934353 0.942998 0.059679 0.060185
12 0.618924 0.812934 0.039497 0.045428
12 0.671984 0.817564 0.037109 0.050637
12 0.737196 0.809896 0.043403 0.045718
12 0.799479 0.806279 0.047309 0.046586
12 0.865017 0.808883 0.040365 0.041377
12 0.929253 0.807292 0.035590 0.038194
14 0.455404 0.298756 0.037977 0.050637
14 0.466580 0.561487 0.038628 0.050637
14 0.475152 0.425926 0.037109 0.048611
14 0.476997 0.693142 0.036458 0.045428
14 0.479384 0.816117 0.041233 0.045428
15 0.508464 0.239439 0.035590 0.049479
15 0.608832 0.219329 0.031901 0.054977
15 0.702257 0.215712 0.037326 0.051794
15 0.797960 0.197483 0.034722 0.050637
15 0.873915 0.207465 0.034722 0.053819
15 0.956380 0.208044 0.040365 0.063079
2 0.588759 0.930266 0.055122 0.045139
2 0.679579 0.933160 0.069661 0.049769
22 0.595703 0.431858 0.058594 0.028067
22 0.682943 0.427807 0.057726 0.028067
22 0.766168 0.423322 0.059679 0.028935
22 0.846029 0.418258 0.059679 0.033275
22 0.920030 0.414062 0.057509 0.032986
26 0.618056 0.563802 0.052951 0.044850
26 0.681749 0.561632 0.057509 0.041667
26 0.743381 0.560619 0.055773 0.043692
26 0.825087 0.556713 0.050347 0.037037
26 0.918511 0.555990 0.050998 0.044271
28 0.618164 0.686921 0.059679 0.055556
28 0.710612 0.681279 0.056207 0.053530
28 0.781901 0.672309 0.057726 0.057581
28 0.854492 0.676505 0.048828 0.039352
28 0.915365 0.680845 0.055990 0.040509
8 0.570095 0.300926 0.053385 0.031829
8 0.658854 0.300926 0.060330 0.034144
8 0.758030 0.297309 0.072917 0.030961
8 0.840169 0.297888 0.055773 0.028067
8 0.916124 0.295718 0.060547 0.030093
