12 0.271267 0.255498 0.089410 0.183449
8 0.485786 0.258681 0.145182 0.086806
26 0.694010 0.248698 0.100260 0.091146
23 0.841580 0.440683 0.059462 0.144676
28 0.708659 0.641059 0.089193 0.084780
2 0.476562 0.628617 0.131510 0.135127
27 0.173828 0.550492 0.097222 0.182002
39 0.036024 0.550203 0.065972 0.067419
43 0.086372 0.554109 0.053819 0.159722
42 0.702365 0.171730 0.107856 0.037905
39 0.484266 0.327257 0.092665 0.052662
39 0.697700 0.319589 0.054688 0.046007
39 0.906576 0.428241 0.068793 0.045139
39 0.722873 0.576968 0.069878 0.043981
42 0.711589 0.711661 0.089410 0.030961
39 0.280165 0.377749 0.076389 0.054688
