13 0.089410 0.147027 0.049769 0.048828
41 0.041956 0.142795 0.026042 0.039062
39 0.273438 0.151476 0.049190 0.028212
41 0.299479 0.141602 0.023148 0.042318
39 0.158131 0.144314 0.083044 0.030382
27 0.091291 0.227973 0.047743 0.053168
39 0.038339 0.226020 0.047743 0.022352
43 0.127315 0.231445 0.028935 0.044054
27 0.336372 0.147569 0.047743 0.049913
43 0.372975 0.149306 0.028356 0.032552
39 0.423177 0.149306 0.076678 0.026042
26 0.570747 0.115017 0.082465 0.041233
40 0.574074 0.081489 0.060185 0.018446
39 0.561053 0.166884 0.065972 0.030816
42 0.564670 0.146810 0.058738 0.015842
43 0.370081 0.235243 0.025463 0.035156
29 0.332031 0.239366 0.047743 0.047743
41 0.295139 0.235569 0.020255 0.044488
39 0.420284 0.233615 0.073785 0.025391
39 0.555266 0.223633 0.063079 0.022786
40 0.538628 0.240343 0.068576 0.018446
28 0.540075 0.272352 0.081887 0.049913
39 0.739005 0.074870 0.064236 0.021701
42 0.723380 0.093424 0.063657 0.018446
28 0.717593 0.114475 0.063657 0.035807
40 0.719473 0.140516 0.059896 0.016276
39 0.730758 0.158203 0.073785 0.024306
43 0.051360 0.326606 0.027488 0.041233
29 0.092014 0.325846 0.049190 0.050564
43 0.127749 0.323676 0.021123 0.041884
39 0.181279 0.320747 0.087674 0.021701
27 0.093027 0.421875 0.048322 0.048177
41 0.049190 0.422635 0.034722 0.037977
39 0.142940 0.423720 0.058449 0.027127
39 0.248264 0.425130 0.037616 0.026476
39 0.437355 0.425347 0.083044 0.028212
39 0.437645 0.328016 0.099826 0.034071
41 0.368634 0.329319 0.026620 0.035807
29 0.336372 0.329102 0.041956 0.060113
43 0.299479 0.330512 0.026042 0.039062
39 0.540799 0.335286 0.035301 0.023872
42 0.547020 0.352214 0.059317 0.017361
26 0.535012 0.384657 0.074653 0.046658
27 0.338976 0.431315 0.070312 0.059679
41 0.287905 0.426215 0.034722 0.037326
43 0.386719 0.425347 0.025174 0.041233
26 0.682292 0.274306 0.063657 0.040799
42 0.685764 0.308160 0.054977 0.019531
39 0.679688 0.323134 0.048611 0.019097
42 0.684751 0.354601 0.050058 0.013455
26 0.678241 0.385200 0.065972 0.043403
40 0.681134 0.414822 0.055556 0.013672
39 0.685041 0.431424 0.053530 0.021701
39 0.789207 0.341797 0.039062 0.028212
41 0.816406 0.334744 0.024016 0.035807
29 0.854022 0.339410 0.048322 0.049479
43 0.894242 0.340495 0.027488 0.042969
42 0.520544 0.447374 0.049769 0.013672
28 0.514323 0.479384 0.073785 0.042969
40 0.506800 0.509223 0.054109 0.015842
39 0.507089 0.524631 0.047743 0.020616
43 0.051794 0.524957 0.026620 0.037326
29 0.095920 0.523655 0.048322 0.045573
41 0.137153 0.520616 0.029514 0.032118
39 0.197193 0.523872 0.087674 0.026476
41 0.067708 0.615777 0.025463 0.031467
27 0.099826 0.613607 0.043403 0.048828
41 0.135706 0.613173 0.028356 0.037977
39 0.195457 0.616428 0.091146 0.031467
26 0.224248 0.652995 0.066551 0.029948
40 0.220052 0.680990 0.062211 0.019531
39 0.238715 0.701280 0.095486 0.024523
43 0.297743 0.529080 0.029514 0.039062
29 0.335069 0.529080 0.049190 0.049913
41 0.367911 0.528537 0.022280 0.037977
39 0.404080 0.531684 0.050058 0.023872
39 0.286169 0.603950 0.037037 0.026042
43 0.311198 0.605577 0.018808 0.035807
27 0.340422 0.607747 0.047164 0.042318
41 0.374421 0.604492 0.029514 0.033637
42 0.433738 0.621528 0.052662 0.016927
28 0.431568 0.649523 0.058738 0.034722
42 0.432292 0.674479 0.052662 0.017361
39 0.440683 0.701823 0.095486 0.032986
39 0.510127 0.610894 0.037616 0.019531
42 0.513021 0.600694 0.063657 0.019531
26 0.513600 0.577582 0.081019 0.036241
28 0.652922 0.584418 0.083044 0.041233
40 0.651765 0.615234 0.062211 0.015191
39 0.666233 0.634549 0.065104 0.028646
26 0.666377 0.481011 0.083912 0.042752
42 0.669560 0.514648 0.067130 0.021050
39 0.663339 0.533963 0.065104 0.022786
28 0.781250 0.481554 0.081019 0.036458
40 0.784144 0.511936 0.052083 0.016927
39 0.784867 0.531684 0.041956 0.023872
43 0.805845 0.428711 0.026042 0.035807
27 0.845631 0.432726 0.053530 0.050347
26 0.744792 0.693468 0.087384 0.046658
42 0.741464 0.721897 0.065104 0.016710
39 0.743056 0.743056 0.066551 0.029948
39 0.908275 0.431641 0.063079 0.027778
29 0.861256 0.190430 0.054109 0.057509
43 0.820023 0.194553 0.025463 0.044054
39 0.927807 0.190430 0.071470 0.029297
