1 0.593316 0.190321 0.102141 0.114583
12 0.252894 0.766819 0.070602 0.047960
13 0.262442 0.454319 0.099537 0.097439
17 0.628617 0.776801 0.153067 0.056641
22 0.435764 0.336155 0.144676 0.050347
27 0.616175 0.672201 0.074363 0.093967
28 0.345197 0.604275 0.109375 0.066189
30 0.155093 0.093207 0.054398 0.034939
30 0.273003 0.333442 0.040220 0.029731
31 0.588976 0.095812 0.046586 0.030599
31 0.611690 0.567925 0.041667 0.029514
32 0.595920 0.332682 0.039641 0.026042
33 0.136863 0.763455 0.041667 0.031250
33 0.254340 0.613498 0.048032 0.029514
34 0.625868 0.742079 0.041667 0.025391
8 0.401765 0.089627 0.121817 0.049479
8 0.490741 0.584527 0.110532 0.044488
