14 0.057625 0.313833 0.032250 0.051000
39 0.123750 0.272500 0.041000 0.033000
22 0.124625 0.312500 0.066250 0.039000
39 0.206500 0.193667 0.040000 0.030000
26 0.208000 0.234000 0.043000 0.046667
42 0.210875 0.268500 0.033250 0.017667
12 0.267000 0.231333 0.025000 0.037333
39 0.267000 0.196333 0.032500 0.026667
39 0.428750 0.098500 0.066000 0.037667
8 0.424375 0.137833 0.078250 0.039000
22 0.516250 0.135667 0.070000 0.035333
39 0.519875 0.088833 0.048250 0.037000
39 0.444000 0.182833 0.048500 0.032333
28 0.439000 0.222167 0.042500 0.044333
16 0.501375 0.217667 0.029250 0.045333
42 0.440750 0.255500 0.033000 0.019667
39 0.374625 0.275333 0.047250 0.038000
12 0.380750 0.227167 0.029500 0.039000
22 0.604375 0.131667 0.065250 0.036000
39 0.618750 0.086667 0.049500 0.029333
39 0.692875 0.069000 0.048750 0.034000
12 0.677625 0.126500 0.029750 0.052333
8 0.739250 0.123500 0.064000 0.040333
39 0.754750 0.084167 0.048500 0.027000
16 0.844000 0.121500 0.026500 0.042333
8 0.284875 0.415167 0.096750 0.048333
39 0.295125 0.366333 0.078250 0.034667
39 0.392125 0.460500 0.057750 0.033000
12 0.386875 0.409333 0.031750 0.046000
16 0.456250 0.407333 0.030000 0.040000
39 0.593750 0.292333 0.070500 0.031333
22 0.578000 0.330500 0.068000 0.036333
23 0.666000 0.382500 0.034000 0.064333
17 0.675000 0.469000 0.040500 0.036667
39 0.715875 0.378167 0.055750 0.033000
