39 0.463375 0.492667 0.052250 0.034667
23 0.414875 0.497167 0.034250 0.065667
17 0.414625 0.566000 0.032750 0.040000
27 0.412250 0.408667 0.040500 0.071333
43 0.440750 0.409500 0.015000 0.048333
39 0.476750 0.409500 0.050500 0.038333
8 0.458625 0.266000 0.070250 0.043333
39 0.470000 0.223667 0.068000 0.034667
17 0.068750 0.429167 0.050500 0.055000
17 0.267375 0.361833 0.041750 0.040333
42 0.313250 0.312500 0.043500 0.024333
26 0.309375 0.277000 0.051250 0.054667
39 0.312375 0.224667 0.045250 0.032667
22 0.205750 0.288167 0.074000 0.039000
39 0.209625 0.244167 0.040250 0.035000
12 0.116500 0.289833 0.028500 0.044333
39 0.121875 0.238333 0.046750 0.029333
12 0.372750 0.277000 0.031000 0.044667
39 0.378250 0.223167 0.046500 0.037000
12 0.570625 0.260500 0.033250 0.045000
39 0.593125 0.215333 0.070750 0.036667
42 0.669500 0.212000 0.037500 0.022000
26 0.665250 0.251000 0.051500 0.051333
39 0.673125 0.178333 0.040750 0.030000
29 0.740500 0.352000 0.041500 0.073333
39 0.792500 0.350833 0.052000 0.038333
17 0.742500 0.444500 0.049500 0.048333
16 0.868375 0.166500 0.032750 0.040333
26 0.732125 0.121833 0.062250 0.060333
42 0.739500 0.082833 0.036500 0.021667
39 0.768625 0.047833 0.089250 0.036333
22 0.605125 0.121667 0.084750 0.044000
39 0.629000 0.068333 0.091500 0.037333
12 0.492125 0.121500 0.033750 0.040333
39 0.503250 0.071000 0.057500 0.038000
8 0.392750 0.129000 0.089000 0.042000
39 0.401250 0.079000 0.084500 0.031333
28 0.254625 0.132667 0.062250 0.060000
42 0.251750 0.087167 0.034000 0.021667
39 0.267500 0.047000 0.073000 0.038000
22 0.135000 0.138500 0.080000 0.047000
39 0.137125 0.087500 0.075250 0.041000
