27 0.078750 0.314833 0.047000 0.086333
43 0.114000 0.316833 0.012500 0.051667
39 0.146250 0.306333 0.047500 0.034000
39 0.179500 0.365667 0.082500 0.035333
8 0.177000 0.411667 0.095000 0.052667
22 0.281000 0.406833 0.074500 0.045000
39 0.283125 0.365833 0.051250 0.032333
16 0.453625 0.416500 0.029750 0.034333
43 0.437125 0.338167 0.018750 0.052333
39 0.464625 0.330000 0.028750 0.032667
27 0.400625 0.336833 0.043750 0.067000
17 0.425750 0.538500 0.045000 0.043667
12 0.526500 0.473500 0.031000 0.046333
39 0.546625 0.425500 0.065750 0.035667
22 0.635500 0.475833 0.072000 0.045667
39 0.638000 0.515500 0.075500 0.027667
26 0.743375 0.473000 0.052250 0.050667
42 0.747375 0.435167 0.036750 0.017000
39 0.750500 0.406000 0.046000 0.026667
39 0.843500 0.437333 0.062500 0.032667
8 0.845750 0.476333 0.068500 0.037333
17 0.903750 0.634000 0.039500 0.050667
9 0.903875 0.548000 0.036250 0.076000
39 0.963375 0.550500 0.067250 0.035667
8 0.162750 0.225667 0.109500 0.056000
39 0.171750 0.170333 0.091500 0.034000
12 0.277000 0.210333 0.045500 0.062000
39 0.280500 0.137833 0.042500 0.033000
39 0.374000 0.139167 0.057500 0.041000
12 0.352250 0.208000 0.031500 0.058667
39 0.455750 0.159000 0.055000 0.032667
22 0.449375 0.203167 0.089750 0.045667
26 0.549875 0.199667 0.050750 0.054000
42 0.553875 0.163833 0.039250 0.016333
39 0.551125 0.136833 0.041250 0.031000
39 0.634500 0.138000 0.035000 0.025333
42 0.633500 0.164333 0.040000 0.017333
26 0.622125 0.195500 0.047250 0.040333
39 0.722250 0.136500 0.048500 0.029000
39 0.721125 0.166667 0.048250 0.017333
28 0.719000 0.195167 0.053000 0.048333
22 0.811875 0.188333 0.086750 0.048667
39 0.812000 0.137667 0.062500 0.036000
16 0.892875 0.188833 0.029750 0.055667
