13 0.349359 0.240385 0.044872 0.018162
13 0.794516 0.223558 0.059117 0.020833
13 0.812322 0.274306 0.044872 0.020833
15 0.175926 0.130342 0.122507 0.030983
2 0.224715 0.271635 0.043447 0.025107
22 0.456197 0.271368 0.061966 0.021368
22 0.650285 0.187233 0.079772 0.031517
26 0.729701 0.185096 0.056268 0.028312
29 0.597222 0.232372 0.040598 0.030983
31 0.790598 0.187233 0.022792 0.019765
32 0.814459 0.307158 0.032051 0.017094
33 0.187322 0.295673 0.025641 0.016560
34 0.353989 0.267094 0.021368 0.018162
34 0.593305 0.271368 0.021368 0.017094
35 0.366097 0.296207 0.028490 0.017628
35 0.600071 0.299679 0.032051 0.020299
36 0.171652 0.196314 0.038462 0.031517
36 0.180199 0.273237 0.024217 0.019765
36 0.364672 0.275908 0.021368 0.014423
37 0.344373 0.196314 0.027778 0.015491
37 0.590100 0.191506 0.023504 0.018697
8 0.272792 0.196581 0.076923 0.035256
8 0.404915 0.195246 0.076211 0.034722
8 0.538462 0.189637 0.079772 0.027778
