15 0.226496 0.315438 0.061254 0.033654
15 0.502849 0.306891 0.061254 0.033654
15 0.718661 0.303686 0.101140 0.036859
17 0.252849 0.545139 0.062678 0.036859
17 0.488248 0.554487 0.061966 0.030983
17 0.704060 0.552618 0.056268 0.031517
23 0.224359 0.377404 0.042735 0.062500
27 0.572650 0.451923 0.042735 0.037393
29 0.457265 0.397703 0.048433 0.038996
3 0.363248 0.386752 0.051282 0.040598
3 0.371083 0.437500 0.055556 0.036325
32 0.769587 0.501335 0.017806 0.011218
34 0.723647 0.335203 0.029915 0.016560
35 0.381766 0.505342 0.034188 0.014957
35 0.465456 0.504808 0.033476 0.013889
35 0.511040 0.336806 0.032051 0.015491
35 0.579416 0.501335 0.040598 0.016560
36 0.229345 0.341880 0.024217 0.016026
36 0.251425 0.509882 0.025641 0.016560
37 0.357194 0.343483 0.032051 0.013889
37 0.452279 0.342949 0.035613 0.012821
37 0.488960 0.510150 0.036325 0.013889
37 0.547009 0.342949 0.034188 0.016026
37 0.708333 0.509882 0.027778 0.013355
9 0.232194 0.463942 0.051282 0.069979
9 0.754274 0.409455 0.059829 0.049679
9 0.761396 0.471688 0.054131 0.057692
