12 0.673077 0.318109 0.039886 0.028312
17 0.477208 0.131143 0.074074 0.033654
2 0.623932 0.323718 0.042735 0.032051
22 0.598291 0.095887 0.079772 0.026175
27 0.562678 0.252404 0.042735 0.036859
29 0.568020 0.298344 0.043447 0.040064
30 0.475071 0.101496 0.021368 0.013889
31 0.673433 0.098024 0.023504 0.016560
32 0.714031 0.318376 0.023504 0.016026
33 0.575142 0.325588 0.020655 0.012286
34 0.710470 0.274306 0.023504 0.018697
36 0.568020 0.275107 0.019231 0.014957
37 0.532764 0.100427 0.025641 0.013889
9 0.550570 0.189904 0.042735 0.059295
9 0.699430 0.157853 0.049858 0.043269
9 0.705128 0.208066 0.034188 0.042201
