12 0.320472 0.084000 0.025722 0.030400
12 0.380840 0.083800 0.024672 0.030800
12 0.395801 0.872400 0.037795 0.030400
12 0.486352 0.083000 0.032021 0.030000
12 0.588976 0.661200 0.026247 0.021600
12 0.622835 0.865600 0.036220 0.028000
13 0.300787 0.472800 0.041995 0.023200
13 0.527297 0.493400 0.042520 0.026000
17 0.161680 0.297200 0.026247 0.023200
2 0.656955 0.661800 0.041470 0.025200
2 0.727822 0.661000 0.050919 0.027600
22 0.523885 0.279800 0.099738 0.025200
23 0.135171 0.512000 0.028871 0.048800
23 0.788976 0.776800 0.024147 0.060800
26 0.248031 0.422000 0.043570 0.029600
26 0.307612 0.872000 0.052493 0.032000
26 0.343045 0.422400 0.045669 0.026400
26 0.451969 0.420200 0.046194 0.025200
27 0.159843 0.134600 0.026772 0.031600
28 0.216010 0.868600 0.036220 0.030000
29 0.140157 0.822600 0.043045 0.038000
29 0.141207 0.768000 0.039895 0.036000
29 0.721522 0.227400 0.037270 0.039600
3 0.719423 0.143800 0.057218 0.038000
3 0.732808 0.474400 0.060892 0.042400
30 0.141995 0.668000 0.035171 0.024000
30 0.143045 0.427000 0.026772 0.020400
30 0.165879 0.086400 0.026247 0.017600
31 0.705512 0.088000 0.026247 0.017600
31 0.727559 0.424200 0.024147 0.018800
31 0.779003 0.668600 0.029396 0.025200
32 0.722310 0.271600 0.024147 0.019200
32 0.727559 0.553800 0.024147 0.017200
32 0.789239 0.855600 0.029921 0.020800
33 0.143570 0.554600 0.027822 0.019600
33 0.151969 0.864800 0.032021 0.019200
35 0.299738 0.555600 0.030446 0.013600
35 0.523097 0.553000 0.040420 0.022000
36 0.164829 0.278400 0.022047 0.016000
37 0.296325 0.425200 0.027822 0.017600
37 0.519685 0.421400 0.038845 0.016400
8 0.267717 0.660800 0.087139 0.021600
8 0.387927 0.662000 0.095538 0.024000
8 0.518373 0.866200 0.064567 0.029200
8 0.519948 0.661400 0.091864 0.023600
8 0.591864 0.078600 0.093963 0.021200
8 0.607087 0.416800 0.102362 0.027200
