17 0.226190 0.886905 0.029266 0.057760
27 0.224330 0.612213 0.042907 0.093915
39 0.199157 0.673060 0.028770 0.033951
41 0.193948 0.602072 0.012401 0.058642
27 0.146205 0.614638 0.038442 0.096120
39 0.100198 0.655864 0.024802 0.044533
41 0.074529 0.598325 0.019097 0.077601
8 0.249380 0.276896 0.054812 0.058201
39 0.257812 0.220679 0.067708 0.038360
12 0.357391 0.267416 0.028770 0.066578
39 0.366815 0.193563 0.062004 0.059965
22 0.373140 0.377205 0.062252 0.053351
39 0.383061 0.426367 0.062748 0.052910
16 0.474826 0.364638 0.020089 0.038801
28 0.536830 0.238316 0.059276 0.077160
40 0.534102 0.178131 0.027034 0.029982
39 0.552951 0.135802 0.049851 0.040564
16 0.679563 0.238316 0.027778 0.057760
43 0.668527 0.402998 0.019097 0.057319
39 0.709945 0.403880 0.044891 0.036155
27 0.628348 0.406305 0.049851 0.101852
16 0.524058 0.679894 0.024802 0.056437
39 0.412202 0.639330 0.050099 0.035273
8 0.409846 0.692681 0.079117 0.047619
8 0.415179 0.789903 0.068452 0.055115
39 0.427207 0.866623 0.085565 0.051587
