17 0.451141 0.871032 0.049603 0.054233
39 0.512401 0.539683 0.079365 0.044974
13 0.437624 0.543871 0.037946 0.054233
9 0.381448 0.356481 0.020833 0.082451
9 0.428447 0.354497 0.023562 0.088183
39 0.467758 0.353616 0.044643 0.035273
39 0.342758 0.364638 0.048115 0.039683
16 0.451017 0.209877 0.025050 0.044974
2 0.374504 0.218034 0.038194 0.056878
39 0.295139 0.160273 0.045139 0.047178
22 0.289311 0.235450 0.060268 0.050265
17 0.235491 0.303131 0.028026 0.045414
39 0.189608 0.159832 0.089534 0.045414
8 0.171131 0.243166 0.067956 0.053351
15 0.090278 0.191138 0.027778 0.055996
39 0.036706 0.551587 0.031746 0.036155
41 0.060888 0.531526 0.016121 0.055996
27 0.101935 0.537698 0.050099 0.098325
27 0.188368 0.529101 0.047371 0.083774
43 0.229043 0.521825 0.014633 0.062169
39 0.269221 0.527116 0.048859 0.050705
39 0.278398 0.690476 0.052331 0.043210
43 0.235739 0.699295 0.018105 0.067901
27 0.194072 0.688713 0.048363 0.097884
39 0.061632 0.749339 0.040923 0.045414
41 0.060392 0.683862 0.015129 0.056437
27 0.102555 0.691138 0.045387 0.116843
