39 0.068824 0.524471 0.052827 0.033951
9 0.112103 0.519400 0.025794 0.095238
1 0.112351 0.383377 0.027778 0.065697
40 0.156622 0.243827 0.032986 0.028219
26 0.157862 0.197310 0.035466 0.053351
39 0.163566 0.142196 0.054315 0.038360
17 0.220610 0.263448 0.028026 0.044533
22 0.281374 0.188713 0.055804 0.051146
39 0.281746 0.118166 0.050099 0.047619
8 0.393105 0.183862 0.057044 0.052910
39 0.397321 0.120591 0.056052 0.041005
15 0.446057 0.106041 0.029514 0.049824
13 0.446925 0.254189 0.034722 0.043651
39 0.510417 0.258598 0.067460 0.045414
39 0.518725 0.375882 0.077133 0.041005
39 0.521081 0.480600 0.053571 0.040564
9 0.453125 0.377866 0.027778 0.089947
29 0.456845 0.496252 0.042659 0.091270
43 0.415055 0.495591 0.016121 0.062610
27 0.461062 0.700838 0.038194 0.080688
14 0.430308 0.776455 0.024306 0.049383
39 0.354291 0.757716 0.046875 0.047178
28 0.345858 0.828924 0.048859 0.070547
42 0.351314 0.904762 0.037450 0.029101
17 0.295759 0.677910 0.032986 0.053351
39 0.401538 0.370811 0.038690 0.045855
12 0.395585 0.313051 0.027778 0.063492
39 0.336806 0.422619 0.058036 0.037478
23 0.292163 0.425926 0.021825 0.087302
8 0.328745 0.310185 0.051339 0.044533
39 0.331845 0.263228 0.041667 0.029982
