15 0.221726 0.080247 0.033234 0.055556
42 0.298363 0.080026 0.032738 0.020723
26 0.298487 0.147707 0.056796 0.068783
39 0.299851 0.044092 0.034226 0.029101
39 0.395461 0.062169 0.055308 0.038801
12 0.384921 0.137125 0.021825 0.058201
39 0.396949 0.220238 0.039435 0.031305
8 0.394965 0.268298 0.043403 0.041005
17 0.356151 0.332672 0.027778 0.048942
26 0.454861 0.265873 0.045139 0.080247
40 0.489707 0.288360 0.030506 0.027337
39 0.471354 0.328924 0.053819 0.039683
13 0.490947 0.177690 0.026042 0.044092
39 0.530630 0.195106 0.047867 0.045414
16 0.642733 0.109568 0.022073 0.043651
29 0.615079 0.302249 0.046131 0.098325
43 0.577133 0.315697 0.013889 0.057319
39 0.692212 0.315697 0.084821 0.055556
39 0.678075 0.479056 0.062996 0.056878
23 0.619296 0.480600 0.030754 0.104056
39 0.484871 0.782848 0.056052 0.041005
8 0.475942 0.731702 0.056052 0.054233
0 0.457589 0.643959 0.030258 0.051587
12 0.491567 0.545855 0.019841 0.044092
39 0.501364 0.500661 0.037450 0.031305
39 0.436632 0.508157 0.038938 0.048942
22 0.437004 0.555335 0.047619 0.038360
17 0.233135 0.815035 0.038690 0.060406
43 0.168527 0.564153 0.019593 0.090388
39 0.286954 0.527557 0.043155 0.042769
29 0.230283 0.556658 0.059772 0.119489
1 0.228671 0.398148 0.025794 0.081129
23 0.226935 0.238977 0.024802 0.107584
39 0.188616 0.242063 0.040427 0.043210
