17 0.315476 0.924438 0.033730 0.049272
8 0.399430 0.817295 0.101935 0.064484
39 0.410466 0.766204 0.097222 0.040344
39 0.396453 0.699901 0.068204 0.044643
13 0.335938 0.687335 0.030506 0.059854
28 0.510789 0.809028 0.062252 0.050595
27 0.608383 0.668816 0.038194 0.082341
43 0.647569 0.672288 0.020833 0.053571
39 0.706473 0.671296 0.087550 0.040344
39 0.689980 0.489749 0.082341 0.041005
8 0.685144 0.534392 0.097470 0.056217
22 0.802207 0.532407 0.095486 0.046296
39 0.833333 0.462136 0.111607 0.049934
39 0.961930 0.470569 0.044891 0.042989
13 0.919147 0.460317 0.045139 0.056878
2 0.870288 0.340112 0.060020 0.063823
42 0.740823 0.383102 0.056548 0.024140
28 0.741443 0.329696 0.078125 0.060847
39 0.747644 0.233135 0.041915 0.042989
39 0.584821 0.248016 0.066468 0.049603
12 0.542411 0.201720 0.061508 0.042328
22 0.427703 0.203373 0.093998 0.049603
39 0.435640 0.154927 0.067708 0.042659
42 0.278894 0.242229 0.044395 0.018188
28 0.289807 0.192626 0.070188 0.059193
39 0.296131 0.138228 0.047619 0.036376
39 0.183408 0.348710 0.037450 0.031415
40 0.173611 0.375165 0.045635 0.019511
28 0.174603 0.413360 0.070437 0.056878
39 0.293651 0.359623 0.062996 0.033399
12 0.287202 0.407738 0.049107 0.053571
39 0.390873 0.489087 0.041171 0.078704
23 0.347842 0.481812 0.026042 0.100529
1 0.347842 0.582176 0.038442 0.079034
