0 0.140937 0.803061 0.049375 0.063265
0 0.677500 0.825510 0.051250 0.059184
1 0.474062 0.300000 0.040625 0.100000
1 0.880000 0.756633 0.036250 0.111224
12 0.506250 0.809184 0.031250 0.097959
13 0.085000 0.696939 0.046250 0.069388
13 0.884687 0.636735 0.030625 0.077551
15 0.483438 0.101531 0.028125 0.047959
22 0.275000 0.904082 0.073750 0.057143
22 0.583125 0.816327 0.072500 0.057143
23 0.878750 0.512245 0.035000 0.104082
27 0.314375 0.398980 0.040000 0.093878
27 0.934063 0.328061 0.033125 0.092857
29 0.461250 0.626531 0.047500 0.100000
8 0.226562 0.580612 0.076875 0.061224
8 0.369375 0.915816 0.078750 0.066327
8 0.814688 0.904082 0.065625 0.057143
9 0.467813 0.462245 0.038125 0.093878
9 0.834063 0.327551 0.028125 0.089796
