0 0.280816 0.741319 0.066406 0.058449
0 0.486111 0.549045 0.074219 0.037905
12 0.504774 0.734664 0.044705 0.053241
12 0.607964 0.561343 0.041016 0.046875
13 0.178602 0.254485 0.036458 0.050637
13 0.357747 0.484086 0.058811 0.045718
14 0.138780 0.754630 0.052734 0.067130
15 0.323676 0.051939 0.041016 0.050637
16 0.439670 0.136863 0.046007 0.066551
22 0.254449 0.147714 0.078776 0.047164
22 0.396484 0.735966 0.103299 0.058738
23 0.363390 0.402778 0.039280 0.088542
23 0.370768 0.278067 0.026693 0.076389
27 0.189128 0.498843 0.031033 0.078704
28 0.628038 0.746817 0.067708 0.056134
29 0.184570 0.376447 0.041884 0.089699
9 0.682834 0.835214 0.040582 0.112558
