1 0.187826 0.506366 0.047526 0.074074
12 0.619900 0.100405 0.040582 0.040509
13 0.189996 0.277488 0.029297 0.039931
17 0.607530 0.737124 0.076172 0.061053
17 0.707248 0.646846 0.076823 0.057581
2 0.404839 0.116175 0.049262 0.041956
23 0.195204 0.180411 0.035807 0.083044
23 0.687609 0.302951 0.035373 0.104745
26 0.408203 0.617332 0.056424 0.046007
28 0.270074 0.621238 0.053602 0.050926
3 0.472982 0.499711 0.046224 0.070602
8 0.525391 0.105179 0.074653 0.032697
8 0.559896 0.400608 0.072483 0.051794
9 0.192274 0.375579 0.040365 0.095486
