39 0.311921 0.059787 0.141782 0.040148
42 0.335648 0.092773 0.072338 0.020616
28 0.341146 0.132921 0.112269 0.048828
2 0.523148 0.129666 0.078125 0.044488
39 0.689525 0.059462 0.141782 0.036458
42 0.698495 0.086046 0.071759 0.023220
26 0.700666 0.129991 0.125289 0.041667
29 0.817564 0.256727 0.056424 0.069444
43 0.866319 0.259115 0.034144 0.042969
39 0.924190 0.262044 0.090278 0.033637
8 0.576968 0.333767 0.113426 0.041233
39 0.588108 0.364692 0.128762 0.029297
39 0.601128 0.414280 0.134549 0.028646
8 0.600839 0.447700 0.099248 0.041233
39 0.808738 0.381727 0.133102 0.030816
42 0.806279 0.407986 0.076100 0.019531
28 0.815249 0.444661 0.099826 0.038628
27 0.860822 0.598741 0.060764 0.072049
43 0.911892 0.603841 0.032697 0.044488
39 0.956019 0.606879 0.049769 0.029731
9 0.702112 0.584961 0.061632 0.072700
39 0.605179 0.593641 0.120660 0.029297
17 0.423322 0.717556 0.078125 0.049262
14 0.361400 0.583550 0.055556 0.035156
39 0.205150 0.437826 0.127894 0.035807
41 0.276042 0.428385 0.031250 0.056858
29 0.321181 0.425673 0.057870 0.075304
29 0.315828 0.311740 0.061632 0.075304
41 0.267361 0.316406 0.032407 0.052083
39 0.063802 0.299262 0.094039 0.045139
13 0.155237 0.300890 0.064525 0.038411
