39 0.669271 0.844944 0.046296 0.037977
23 0.607060 0.841146 0.057870 0.067274
27 0.441840 0.858507 0.063079 0.056424
43 0.394387 0.860894 0.029514 0.048177
39 0.296296 0.882161 0.136574 0.060330
9 0.438947 0.751736 0.070023 0.081597
39 0.330729 0.702474 0.118634 0.052517
22 0.368634 0.651693 0.127315 0.055990
39 0.075810 0.595920 0.123843 0.047743
43 0.151620 0.591146 0.034722 0.047743
29 0.209201 0.594835 0.072338 0.066406
3 0.201678 0.477214 0.088542 0.055990
22 0.295428 0.372613 0.098958 0.042969
39 0.275463 0.320964 0.128472 0.037760
12 0.541088 0.300998 0.064815 0.066406
39 0.770544 0.295790 0.120949 0.027344
40 0.765336 0.328342 0.070023 0.024740
26 0.756076 0.365885 0.096644 0.044271
29 0.885127 0.533203 0.074653 0.076823
41 0.950521 0.530599 0.051505 0.051649
22 0.774884 0.628038 0.123843 0.046875
27 0.616319 0.713976 0.071759 0.065104
41 0.673611 0.708984 0.040509 0.053385
39 0.765336 0.720703 0.146412 0.035156
