39 0.286748 0.048828 0.144676 0.033854
8 0.316696 0.094401 0.123553 0.044271
8 0.538918 0.093641 0.139757 0.051432
39 0.545139 0.041558 0.156250 0.039714
39 0.772425 0.044488 0.120660 0.039931
8 0.764178 0.096897 0.105903 0.053602
27 0.847656 0.175022 0.068576 0.062283
43 0.898148 0.176107 0.028935 0.047092
29 0.696615 0.398220 0.065683 0.068576
43 0.747251 0.398655 0.035590 0.039062
39 0.808015 0.401910 0.087674 0.036892
39 0.836516 0.467665 0.044560 0.025174
42 0.788339 0.487522 0.065683 0.023220
26 0.788773 0.517253 0.105324 0.033203
29 0.856771 0.658203 0.069444 0.082465
43 0.906395 0.652127 0.035590 0.048611
39 0.824508 0.871311 0.103299 0.032552
43 0.762731 0.871636 0.035880 0.040582
29 0.695312 0.873589 0.081019 0.066189
26 0.591869 0.966254 0.108507 0.057509
39 0.277054 0.917535 0.131655 0.047743
40 0.282986 0.888672 0.089699 0.023872
28 0.297454 0.849392 0.124421 0.046007
8 0.434896 0.699110 0.138889 0.048394
39 0.426505 0.658420 0.130787 0.030816
22 0.313368 0.613607 0.109954 0.037977
39 0.091291 0.524631 0.134549 0.033637
9 0.201100 0.526042 0.086806 0.092882
1 0.212384 0.402344 0.087384 0.069010
13 0.138310 0.236871 0.083912 0.049262
