39 0.219618 0.048611 0.164352 0.037326
42 0.194300 0.091471 0.085938 0.022352
28 0.203270 0.140082 0.105613 0.050998
12 0.386719 0.131619 0.062789 0.048394
39 0.392795 0.088759 0.105613 0.037326
29 0.687211 0.305990 0.081019 0.097656
43 0.761863 0.303602 0.040509 0.056858
39 0.842448 0.304688 0.107928 0.048177
28 0.442708 0.412652 0.127315 0.061415
40 0.437645 0.457682 0.099826 0.024306
39 0.512153 0.478516 0.127315 0.034722
14 0.232639 0.354275 0.057292 0.050998
29 0.459491 0.702040 0.078125 0.069444
43 0.518084 0.702365 0.041956 0.040582
39 0.616030 0.703451 0.141204 0.046224
39 0.622975 0.784505 0.115741 0.032552
22 0.643229 0.819010 0.121528 0.037326
3 0.757812 0.893338 0.071759 0.065755
22 0.563223 0.926432 0.111979 0.045139
39 0.565683 0.966580 0.124421 0.038628
39 0.170428 0.892253 0.162616 0.035373
8 0.191406 0.846137 0.122396 0.048177
1 0.097078 0.756836 0.079572 0.072700
23 0.084780 0.629991 0.063657 0.073785
9 0.080006 0.490994 0.055845 0.072700
1 0.075666 0.363824 0.067419 0.061415
9 0.082176 0.226345 0.070023 0.078125
