13 0.117188 0.187500 0.103588 0.053819
39 0.319155 0.040148 0.163773 0.036024
8 0.365451 0.096788 0.153356 0.054688
39 0.626447 0.032986 0.117477 0.037326
8 0.619502 0.085720 0.140625 0.057726
29 0.778356 0.360243 0.079861 0.092014
43 0.855903 0.357422 0.047454 0.062066
39 0.914931 0.356120 0.089120 0.037760
29 0.780671 0.529731 0.084491 0.085503
43 0.858507 0.526910 0.042245 0.046007
39 0.918113 0.524306 0.081597 0.029514
29 0.783275 0.721137 0.086227 0.113281
43 0.858507 0.716797 0.056134 0.056858
39 0.918113 0.711372 0.089699 0.044271
39 0.565972 0.943142 0.141204 0.032118
40 0.555556 0.914931 0.104167 0.022569
28 0.557292 0.856554 0.134259 0.057726
39 0.261285 0.913411 0.183449 0.029948
8 0.281250 0.872830 0.148148 0.060764
23 0.631944 0.719835 0.060185 0.061198
39 0.486400 0.708984 0.132523 0.032552
40 0.475984 0.682726 0.115162 0.022569
26 0.478009 0.636719 0.142361 0.049479
1 0.209201 0.587023 0.068866 0.052517
2 0.446759 0.539497 0.097222 0.047743
23 0.646991 0.470703 0.050926 0.066406
39 0.484375 0.481771 0.136574 0.024306
40 0.483507 0.459418 0.104745 0.020399
26 0.485243 0.414280 0.115162 0.047309
0 0.422164 0.345486 0.086227 0.054688
39 0.506655 0.307075 0.114005 0.029948
40 0.464699 0.301432 0.114583 0.023003
23 0.664931 0.284722 0.047454 0.052083
26 0.469618 0.261068 0.122106 0.055122
