23 0.107928 0.207465 0.072338 0.091146
1 0.087674 0.367513 0.069444 0.083550
26 0.168692 0.529731 0.135995 0.065104
40 0.145544 0.578559 0.075231 0.028212
39 0.126736 0.627930 0.138889 0.055339
39 0.500723 0.675673 0.151910 0.035807
23 0.229456 0.782552 0.072338 0.078125
40 0.466001 0.652344 0.096933 0.030382
26 0.488426 0.611111 0.101273 0.056424
29 0.624421 0.830295 0.086806 0.082465
43 0.693866 0.826497 0.046296 0.057509
39 0.790075 0.825955 0.134549 0.039062
17 0.436343 0.946398 0.101273 0.054253
39 0.925058 0.603516 0.149884 0.058594
23 0.633102 0.522135 0.078125 0.086806
3 0.821181 0.383789 0.089699 0.087891
26 0.711950 0.285590 0.131655 0.054253
42 0.715567 0.240017 0.086806 0.021701
39 0.715567 0.199327 0.144676 0.044488
9 0.527488 0.205838 0.081019 0.103082
12 0.327112 0.083225 0.076678 0.059679
