0 0.280816 0.891710 0.063368 0.036892
1 0.094184 0.292860 0.054109 0.046658
1 0.101707 0.549045 0.058160 0.050781
14 0.044994 0.227865 0.037905 0.032118
15 0.381366 0.074761 0.060185 0.043186
15 0.772714 0.100477 0.039062 0.029080
16 0.915075 0.443793 0.059317 0.052517
16 0.931713 0.814236 0.063079 0.047309
17 0.181424 0.927626 0.045718 0.032335
17 0.802662 0.934570 0.040509 0.032769
2 0.655816 0.139431 0.093461 0.057943
22 0.383247 0.891385 0.070891 0.025391
23 0.099971 0.782227 0.041377 0.072266
23 0.839699 0.327799 0.056134 0.099175
27 0.100839 0.647352 0.055266 0.074653
27 0.851418 0.702040 0.051215 0.069444
28 0.510272 0.147786 0.072627 0.043403
28 0.521123 0.892687 0.068866 0.041884
3 0.851128 0.547418 0.059896 0.072700
8 0.250145 0.157769 0.119502 0.043837
8 0.675926 0.889974 0.112847 0.048611
9 0.095486 0.416233 0.050347 0.094184
