39 0.355613 0.078234 0.133681 0.037977
42 0.358073 0.110677 0.076678 0.021701
28 0.363571 0.154080 0.123553 0.056424
39 0.631944 0.047526 0.151042 0.038628
42 0.604456 0.081489 0.067130 0.022786
26 0.613860 0.137587 0.113715 0.067708
2 0.805122 0.117296 0.094039 0.064019
23 0.778356 0.224175 0.043403 0.039062
16 0.944444 0.347005 0.055556 0.052517
9 0.864873 0.459852 0.089120 0.100260
29 0.864149 0.606337 0.081887 0.066840
43 0.937934 0.602214 0.045428 0.056424
39 0.973380 0.593099 0.051505 0.039062
39 0.548756 0.740668 0.084780 0.030816
22 0.553096 0.699002 0.114294 0.042535
26 0.369502 0.693685 0.111111 0.053168
40 0.351418 0.733615 0.078414 0.022352
39 0.366175 0.765842 0.113715 0.044705
1 0.202546 0.550673 0.069444 0.073134
39 0.431424 0.499783 0.134259 0.027344
17 0.524884 0.572266 0.061343 0.046875
8 0.447772 0.465929 0.119502 0.047309
39 0.051215 0.377604 0.076968 0.032118
41 0.093461 0.377930 0.034144 0.051866
29 0.158420 0.374783 0.066262 0.069010
13 0.144242 0.256619 0.087095 0.047526
