9 0.072627 0.179688 0.058449 0.082465
39 0.178819 0.189019 0.151620 0.044705
12 0.299479 0.089627 0.067708 0.057726
39 0.324942 0.029948 0.146412 0.039062
9 0.436053 0.281033 0.114005 0.095920
9 0.637153 0.306858 0.069444 0.077257
39 0.543692 0.197483 0.076968 0.035590
41 0.587963 0.193142 0.037037 0.053819
29 0.643229 0.187717 0.070023 0.073351
23 0.788484 0.314236 0.063079 0.067708
39 0.878183 0.316840 0.096644 0.044271
3 0.780671 0.435981 0.065972 0.066406
12 0.620949 0.504340 0.054398 0.072049
39 0.592014 0.584852 0.121528 0.038628
29 0.475116 0.591797 0.068287 0.069878
43 0.408565 0.596354 0.037037 0.058160
8 0.624132 0.668837 0.126736 0.041667
23 0.761285 0.747396 0.058449 0.065104
39 0.864005 0.749132 0.119213 0.037326
0 0.653935 0.835503 0.091435 0.049479
17 0.502025 0.878472 0.067708 0.039062
9 0.247106 0.731554 0.055556 0.067274
23 0.258391 0.601997 0.056134 0.071181
39 0.165509 0.605903 0.103009 0.040799
39 0.133102 0.486979 0.098380 0.027778
41 0.195023 0.477865 0.032407 0.053819
27 0.260417 0.476562 0.071759 0.074653
17 0.165799 0.360677 0.080440 0.053819
