39 0.573351 0.044271 0.138021 0.034288
22 0.557147 0.089301 0.102720 0.040582
12 0.419271 0.091471 0.060185 0.059245
39 0.140480 0.246094 0.125868 0.047309
9 0.226852 0.228733 0.070023 0.080729
3 0.230903 0.354275 0.086806 0.077040
39 0.107060 0.480143 0.107060 0.053168
43 0.180845 0.470378 0.040509 0.050998
27 0.244936 0.467773 0.068576 0.070530
43 0.057292 0.593859 0.049190 0.057943
39 0.101707 0.581597 0.074363 0.039062
39 0.164641 0.712674 0.086227 0.047309
23 0.229745 0.709744 0.048611 0.057509
28 0.402199 0.792426 0.130208 0.057075
42 0.403791 0.840712 0.091146 0.023438
39 0.411603 0.877279 0.137442 0.055339
2 0.552662 0.780490 0.112847 0.055773
29 0.693432 0.620985 0.091725 0.086155
41 0.769387 0.613064 0.048611 0.056424
39 0.860532 0.612847 0.136574 0.045139
39 0.649595 0.463108 0.127315 0.034288
23 0.539786 0.467665 0.073785 0.071615
39 0.814959 0.444444 0.120660 0.032552
42 0.759693 0.427083 0.073785 0.021701
28 0.770110 0.384983 0.114873 0.055990
9 0.890625 0.246419 0.078125 0.103082
26 0.832610 0.077908 0.131655 0.073351
40 0.821470 0.017361 0.096065 0.028212
