12 0.238860 0.146159 0.067998 0.048828
39 0.482639 0.062717 0.129630 0.039497
42 0.472222 0.104818 0.084491 0.023003
26 0.476273 0.150174 0.129630 0.052951
2 0.704861 0.147569 0.082176 0.057292
23 0.806424 0.268229 0.043403 0.071181
39 0.897280 0.266710 0.115162 0.039497
22 0.605324 0.348090 0.104167 0.037326
39 0.616898 0.432075 0.114583 0.029948
8 0.628472 0.472656 0.114583 0.043403
8 0.838252 0.467665 0.109375 0.039497
39 0.852141 0.427083 0.114005 0.031250
3 0.908275 0.578776 0.059606 0.055990
28 0.710938 0.618490 0.117477 0.046007
40 0.710648 0.660156 0.093750 0.021701
39 0.657407 0.684896 0.113426 0.025174
39 0.788773 0.708550 0.101852 0.028212
42 0.738426 0.736328 0.103009 0.029080
28 0.731771 0.773872 0.139468 0.047743
0 0.387731 0.822483 0.086806 0.047743
39 0.057581 0.748047 0.067708 0.029080
41 0.101852 0.740885 0.028935 0.059896
27 0.164931 0.735677 0.067130 0.072049
1 0.171875 0.595269 0.060185 0.062066
39 0.042535 0.511502 0.050347 0.026476
16 0.105613 0.508681 0.058449 0.056424
39 0.091725 0.351128 0.095486 0.047743
9 0.170139 0.337457 0.055556 0.088108
