2 0.363137 0.154948 0.087384 0.050347
8 0.562500 0.148003 0.134259 0.045139
39 0.558160 0.107639 0.124421 0.038194
39 0.751447 0.091146 0.098958 0.047743
22 0.752894 0.139540 0.134259 0.048177
9 0.843750 0.280816 0.067130 0.089410
39 0.930845 0.263238 0.104745 0.029948
23 0.840567 0.432943 0.065394 0.093316
39 0.917245 0.434462 0.085648 0.031250
3 0.853877 0.575521 0.075810 0.065104
27 0.854745 0.702691 0.067130 0.059896
43 0.913194 0.699002 0.035880 0.043837
40 0.616898 0.876302 0.111111 0.032118
28 0.616898 0.827257 0.131944 0.050347
26 0.362269 0.837674 0.143519 0.049479
40 0.352141 0.882378 0.127894 0.025174
39 0.338831 0.920790 0.140625 0.040365
29 0.181713 0.684896 0.075231 0.087674
41 0.120370 0.685113 0.034722 0.063802
39 0.105903 0.546658 0.104167 0.029948
9 0.192130 0.542101 0.059028 0.081597
39 0.092303 0.415365 0.097801 0.031250
23 0.180266 0.410807 0.072338 0.067274
13 0.191551 0.285373 0.061343 0.042101
