39 0.387008 0.030707 0.105613 0.036241
12 0.392506 0.090169 0.054109 0.055339
15 0.566840 0.030382 0.074653 0.043403
27 0.727720 0.210503 0.078125 0.073785
43 0.787182 0.207031 0.030382 0.038628
39 0.875000 0.204861 0.113426 0.030816
23 0.735822 0.401801 0.054977 0.080946
9 0.746672 0.689887 0.073785 0.084201
39 0.868779 0.696615 0.154803 0.034722
29 0.716291 0.811198 0.105613 0.058594
43 0.801215 0.810113 0.031250 0.036892
39 0.903501 0.811957 0.140336 0.041884
17 0.604745 0.917209 0.086806 0.055773
22 0.427517 0.706163 0.108507 0.034288
1 0.277922 0.594618 0.079572 0.069444
40 0.409433 0.443034 0.095486 0.024523
26 0.409867 0.403429 0.117766 0.046007
39 0.441406 0.355360 0.111400 0.035807
39 0.099826 0.301975 0.107060 0.039714
9 0.189959 0.302192 0.077257 0.085720
