0 0.393772 0.788628 0.089627 0.078993
0 0.545464 0.790365 0.089627 0.080729
0 0.699544 0.787905 0.095269 0.064815
0 0.845161 0.786314 0.098307 0.077257
15 0.076714 0.386429 0.077908 0.065683
15 0.925347 0.359520 0.076389 0.076678
2 0.155490 0.797743 0.084418 0.080440
2 0.262695 0.792390 0.082248 0.081308
22 0.397135 0.429977 0.089844 0.066551
23 0.326172 0.582321 0.049479 0.142072
23 0.460069 0.582176 0.050347 0.135995
23 0.765951 0.570168 0.054905 0.131655
27 0.068359 0.608941 0.057292 0.103299
29 0.933160 0.562066 0.066406 0.098669
8 0.693251 0.415365 0.094401 0.065683
9 0.208984 0.591869 0.045573 0.137442
9 0.611003 0.570168 0.063151 0.138021
