1 0.221137 0.656539 0.062934 0.125000
1 0.228299 0.296152 0.068576 0.122396
1 0.749349 0.271701 0.083767 0.127894
15 0.449870 0.120660 0.084635 0.078704
15 0.752496 0.117477 0.095269 0.072338
22 0.305881 0.420139 0.096137 0.065972
22 0.570964 0.882234 0.158420 0.089120
22 0.605252 0.386719 0.127170 0.079572
23 0.756402 0.508536 0.079210 0.171007
27 0.449110 0.727720 0.095269 0.106481
29 0.752713 0.750289 0.087023 0.115741
3 0.446072 0.274016 0.070530 0.110532
3 0.448785 0.552517 0.071181 0.121817
