0 0.233362 0.777235 0.055845 0.032335
0 0.352431 0.037977 0.064815 0.038628
0 0.358652 0.775174 0.055266 0.032118
1 0.625579 0.234049 0.035301 0.042318
1 0.625723 0.378147 0.032697 0.043186
1 0.626881 0.448676 0.040799 0.050998
1 0.626881 0.303385 0.037905 0.037326
1 0.707321 0.814345 0.032118 0.035373
12 0.109086 0.169488 0.035880 0.032118
12 0.201968 0.036892 0.032986 0.033420
12 0.401476 0.170790 0.029225 0.033420
12 0.721644 0.748155 0.030671 0.026693
14 0.547309 0.853299 0.033275 0.035590
15 0.562211 0.733615 0.037037 0.024089
16 0.427083 0.775391 0.037037 0.037326
16 0.432002 0.911024 0.037037 0.040799
16 0.442564 0.168403 0.026910 0.037326
16 0.447193 0.367405 0.028067 0.024306
16 0.456597 0.529948 0.029514 0.030382
16 0.772569 0.927734 0.032986 0.038628
16 0.818721 0.073893 0.037326 0.037977
16 0.836227 0.491753 0.046296 0.032552
2 0.122541 0.045030 0.061632 0.035373
2 0.185041 0.676432 0.055266 0.029948
2 0.262153 0.366211 0.059028 0.029731
2 0.348669 0.675564 0.061921 0.032986
2 0.363426 0.910156 0.057870 0.036458
22 0.142216 0.369358 0.073206 0.026476
22 0.257812 0.911024 0.068287 0.033420
22 0.260851 0.039497 0.065104 0.025174
22 0.395689 0.366753 0.060475 0.023003
22 0.654948 0.850911 0.057581 0.028646
22 0.714265 0.929905 0.062211 0.032552
22 0.723524 0.263129 0.065683 0.025391
22 0.723669 0.199219 0.070023 0.022569
22 0.731481 0.411024 0.062500 0.027778
23 0.069878 0.107313 0.034433 0.055339
23 0.092737 0.833550 0.039641 0.073785
23 0.219184 0.479492 0.028646 0.052734
23 0.289931 0.712891 0.031250 0.042969
23 0.309317 0.844076 0.037616 0.056641
23 0.355469 0.483615 0.029225 0.044922
23 0.418837 0.101345 0.028646 0.056858
23 0.797598 0.233615 0.032118 0.039280
26 0.160735 0.778537 0.057002 0.039714
26 0.177517 0.523763 0.040220 0.026693
26 0.316117 0.530056 0.046586 0.026693
26 0.707899 0.073459 0.051794 0.025825
27 0.211227 0.410048 0.037616 0.036241
27 0.301505 0.106445 0.039931 0.041450
27 0.568721 0.787543 0.033854 0.036024
28 0.122975 0.523872 0.053819 0.033420
28 0.150463 0.911892 0.057870 0.036458
28 0.257812 0.169922 0.052662 0.032986
28 0.260561 0.527235 0.050058 0.031033
28 0.404225 0.529405 0.054977 0.029731
28 0.617188 0.927300 0.054398 0.031250
28 0.735243 0.493490 0.054977 0.029948
29 0.351273 0.420464 0.027778 0.036675
3 0.618779 0.119358 0.035590 0.041233
3 0.620515 0.170681 0.039062 0.035807
8 0.180845 0.170898 0.065972 0.029297
8 0.630787 0.753798 0.062500 0.018012
8 0.718750 0.143229 0.067708 0.020833
8 0.729167 0.335503 0.076389 0.028646
9 0.079572 0.437391 0.033565 0.058377
9 0.805411 0.376628 0.034433 0.042318
