1 0.552917 0.559063 0.040833 0.038125
3 0.440000 0.564375 0.041667 0.036250
3 0.695833 0.570000 0.041667 0.037500
9 0.359583 0.678438 0.050833 0.116875
9 0.485417 0.685625 0.050833 0.126250
9 0.540417 0.460938 0.042500 0.101875
13 0.498333 0.284687 0.021667 0.035625
13 0.442917 0.283438 0.025833 0.028125
13 0.617500 0.289687 0.030000 0.030625
13 0.682083 0.294687 0.035833 0.028125
13 0.386667 0.278438 0.033333 0.029375
13 0.552917 0.286562 0.030833 0.029375
23 0.707083 0.690312 0.030833 0.105625
23 0.649583 0.687500 0.037500 0.106250
23 0.643333 0.465625 0.045000 0.105000
23 0.493750 0.464062 0.034167 0.108125
27 0.155833 0.472813 0.043333 0.039375
29 0.767083 0.496563 0.042500 0.036875
9 0.391667 0.458125 0.038333 0.107500
9 0.443750 0.461250 0.037500 0.103750
9 0.600417 0.465000 0.039167 0.100000
9 0.685417 0.467500 0.040833 0.110000
9 0.419167 0.678750 0.050000 0.111250
9 0.542500 0.685000 0.038333 0.118750
9 0.596250 0.684375 0.035833 0.120000
