40 0.115560 0.115451 0.104384 0.033565
40 0.290473 0.126447 0.090061 0.031250
40 0.467773 0.138166 0.112630 0.025752
40 0.666016 0.147135 0.078559 0.025752
40 0.865126 0.149884 0.109158 0.042245
40 0.109375 0.213397 0.098524 0.035590
40 0.275499 0.223380 0.080078 0.031250
40 0.464952 0.226128 0.123481 0.028067
40 0.684787 0.239005 0.094401 0.026620
40 0.870985 0.242766 0.099175 0.032407
40 0.863064 0.331308 0.123698 0.026620
40 0.659397 0.319010 0.120009 0.037905
40 0.471246 0.310185 0.126085 0.039931
40 0.285807 0.314091 0.099392 0.032118
40 0.188151 0.416522 0.109375 0.036748
40 0.351888 0.424769 0.104384 0.028935
40 0.527995 0.426505 0.099392 0.030093
40 0.707357 0.446470 0.082682 0.032407
40 0.874783 0.456453 0.088542 0.034433
40 0.110243 0.507234 0.066840 0.026620
40 0.254557 0.517650 0.085069 0.025463
40 0.406033 0.526620 0.079427 0.023148
40 0.557617 0.528356 0.083550 0.026620
40 0.721137 0.537760 0.086806 0.023438
40 0.890625 0.542824 0.073351 0.031250
40 0.131836 0.617332 0.073568 0.026910
40 0.282552 0.629051 0.079427 0.025463
40 0.431966 0.636285 0.089193 0.024306
40 0.598524 0.643953 0.088542 0.019965
40 0.748264 0.650174 0.079427 0.023148
40 0.896484 0.652488 0.066840 0.027778
40 0.180339 0.724103 0.071615 0.024016
40 0.319010 0.734230 0.058594 0.023438
40 0.485352 0.743490 0.081380 0.036748
40 0.636285 0.746672 0.059028 0.035590
40 0.769857 0.752315 0.070530 0.030671
40 0.907661 0.754630 0.067491 0.028935
40 0.088433 0.827691 0.126953 0.035590
40 0.262044 0.834780 0.078342 0.030093
40 0.420247 0.842159 0.094401 0.037905
40 0.579753 0.854311 0.104384 0.033275
40 0.721137 0.853299 0.066840 0.026620
40 0.813802 0.864439 0.043403 0.024595
40 0.911024 0.865451 0.050781 0.028935
40 0.072157 0.927807 0.059245 0.026910
40 0.156467 0.925058 0.052517 0.027778
40 0.241970 0.927373 0.053385 0.027778
40 0.350586 0.933449 0.061849 0.026620
40 0.468641 0.939525 0.069227 0.023148
40 0.605469 0.941696 0.065972 0.023438
40 0.729058 0.948929 0.045790 0.019965
40 0.815430 0.956163 0.050130 0.023438
40 0.915582 0.961227 0.056858 0.024306
