39 0.392069 0.098140 0.064938 0.034435
39 0.570072 0.111398 0.069815 0.031336
8 0.379620 0.154442 0.139630 0.052686
9 0.174923 0.350379 0.033624 0.151860
39 0.109985 0.339015 0.054671 0.040978
39 0.294533 0.404270 0.060832 0.039945
8 0.280159 0.447142 0.094713 0.050620
9 0.169405 0.555957 0.041581 0.160124
39 0.103311 0.547865 0.052105 0.047521
14 0.123588 0.667355 0.046458 0.064738
8 0.259112 0.674242 0.096253 0.057163
39 0.302875 0.722624 0.055441 0.037534
27 0.352669 0.557507 0.044148 0.066804
41 0.390015 0.554924 0.022331 0.037534
39 0.427618 0.559745 0.051335 0.045110
39 0.213039 0.799242 0.045688 0.044077
9 0.169020 0.790634 0.036191 0.147383
8 0.387577 0.924415 0.105749 0.064394
39 0.382444 0.868629 0.069815 0.040978
8 0.618198 0.917528 0.127567 0.071970
39 0.609343 0.859332 0.069815 0.037534
29 0.495765 0.495696 0.046458 0.089187
41 0.533881 0.493974 0.016940 0.047176
39 0.587654 0.498278 0.080852 0.038567
39 0.768609 0.563877 0.059292 0.040978
9 0.718943 0.520317 0.038501 0.145317
27 0.831622 0.491219 0.044148 0.087121
43 0.871278 0.490702 0.017710 0.053719
39 0.918121 0.503616 0.060062 0.040978
8 0.561987 0.160468 0.114733 0.062672
