39 0.380704 0.096505 0.113591 0.049980
8 0.359747 0.186306 0.123264 0.080861
39 0.293403 0.348029 0.065972 0.037790
8 0.280258 0.418732 0.083829 0.078423
8 0.470982 0.416904 0.105655 0.076392
39 0.467510 0.340918 0.053075 0.048761
27 0.220858 0.695246 0.053323 0.116213
41 0.178447 0.684681 0.023065 0.067452
39 0.085193 0.680008 0.078621 0.061357
9 0.372272 0.629216 0.044147 0.156440
39 0.426215 0.612353 0.064732 0.049573
9 0.549851 0.589191 0.035218 0.163348
39 0.600074 0.585128 0.060268 0.044697
27 0.746156 0.601585 0.053819 0.105242
43 0.786706 0.604226 0.016369 0.072328
39 0.831845 0.599147 0.060516 0.052418
