39 0.947251 0.468466 0.063931 0.052759
41 0.895817 0.475136 0.020521 0.058824
29 0.860958 0.482717 0.034465 0.107944
39 0.710471 0.071255 0.054459 0.058824
8 0.698500 0.147059 0.073139 0.081868
39 0.703368 0.257126 0.053407 0.050940
8 0.694423 0.327168 0.088135 0.078229
39 0.570639 0.473014 0.064194 0.054579
43 0.525125 0.469375 0.017364 0.066707
27 0.490923 0.472104 0.041042 0.109763
39 0.311234 0.439964 0.073139 0.052759
9 0.370429 0.454821 0.033675 0.212250
39 0.283346 0.165858 0.076296 0.058824
8 0.266114 0.255306 0.106025 0.104306
39 0.173244 0.493026 0.050250 0.053366
41 0.139042 0.480594 0.016575 0.058824
29 0.102078 0.487265 0.041042 0.106125
