39 0.077615 0.676130 0.068621 0.042383
9 0.182545 0.676529 0.043971 0.138345
29 0.531812 0.732907 0.063624 0.086365
41 0.581279 0.717713 0.015323 0.045582
39 0.649734 0.724910 0.096269 0.039984
9 0.811792 0.634946 0.045969 0.132747
39 0.880746 0.638745 0.061292 0.038784
41 0.850100 0.503798 0.019987 0.049580
39 0.906729 0.507997 0.071952 0.032387
29 0.798301 0.512595 0.069620 0.079968
8 0.729347 0.331867 0.088274 0.049580
39 0.732512 0.284886 0.056629 0.031587
40 0.607761 0.288285 0.039640 0.031188
39 0.634077 0.251899 0.044970 0.036785
9 0.532645 0.524390 0.038641 0.140344
39 0.592272 0.520392 0.069287 0.041983
39 0.287475 0.532387 0.102598 0.037985
43 0.222518 0.525990 0.015989 0.053179
29 0.179214 0.525990 0.048634 0.065974
8 0.306795 0.350460 0.099933 0.047581
39 0.318954 0.301080 0.113591 0.031188
39 0.470187 0.264294 0.044970 0.031188
40 0.465523 0.307077 0.039640 0.023990
26 0.468354 0.346661 0.068621 0.046381
28 0.617755 0.340664 0.073618 0.051979
39 0.325616 0.095362 0.114257 0.038784
8 0.297302 0.153539 0.114923 0.055978
28 0.552465 0.142743 0.090939 0.058377
42 0.555630 0.087165 0.050633 0.022391
39 0.565123 0.053778 0.045636 0.029188
