9 0.873722 0.556183 0.067777 0.243202
39 0.781144 0.546947 0.099962 0.063622
39 0.685536 0.121857 0.105642 0.048743
8 0.666225 0.209082 0.171526 0.079528
39 0.542598 0.418933 0.077243 0.057978
9 0.467058 0.418676 0.055661 0.192919
39 0.556607 0.744741 0.086331 0.063109
9 0.476524 0.765521 0.066263 0.172396
27 0.261833 0.714469 0.082923 0.127758
43 0.195570 0.727040 0.029913 0.085172
39 0.056418 0.750898 0.075729 0.053874
29 0.259182 0.457158 0.073836 0.118009
41 0.189133 0.440482 0.029913 0.073371
39 0.077054 0.436891 0.108671 0.069266
