39 0.095400 0.501157 0.085179 0.053241
43 0.172061 0.495370 0.037479 0.092593
29 0.235094 0.503472 0.057922 0.094907
39 0.343271 0.453704 0.069847 0.060185
9 0.418228 0.474537 0.066440 0.180556
39 0.496593 0.436343 0.049404 0.057870
13 0.578365 0.434028 0.090290 0.099537
13 0.576661 0.674769 0.086882 0.127315
39 0.488075 0.674769 0.052811 0.062500
13 0.741908 0.730324 0.086882 0.099537
39 0.841567 0.719907 0.078365 0.064815
39 0.828790 0.421296 0.093697 0.055556
9 0.739353 0.439815 0.057922 0.148148
