39 0.150888 0.461823 0.085799 0.066502
41 0.210799 0.472906 0.028107 0.093596
29 0.276627 0.488916 0.062130 0.120690
0 0.445266 0.777094 0.088757 0.135468
8 0.644970 0.777094 0.124260 0.076355
39 0.647189 0.854680 0.078402 0.054187
17 0.781805 0.890394 0.090237 0.081281
13 0.784024 0.529557 0.091716 0.142857
39 0.883876 0.514778 0.063609 0.068966
39 0.883876 0.294335 0.110947 0.061576
9 0.784024 0.309113 0.050296 0.145320
39 0.447485 0.128079 0.075444 0.054187
12 0.446746 0.221675 0.068047 0.093596
