39 0.067545 0.392308 0.079077 0.054945
43 0.127677 0.389011 0.034596 0.061538
27 0.191104 0.402198 0.082372 0.109890
8 0.383855 0.691209 0.131796 0.094505
39 0.391269 0.791209 0.084020 0.057143
39 0.612026 0.801099 0.103789 0.072527
12 0.596376 0.691209 0.092257 0.116484
39 0.624382 0.500000 0.098847 0.063736
12 0.621911 0.418681 0.080725 0.090110
8 0.644152 0.182418 0.121911 0.079121
39 0.669687 0.104396 0.159802 0.059341
39 0.387974 0.084615 0.130148 0.054945
12 0.397035 0.179121 0.112026 0.098901
