39 0.673438 0.029703 0.118750 0.056106
12 0.657422 0.107673 0.072656 0.094884
0 0.456641 0.112211 0.153906 0.110561
27 0.774609 0.285891 0.135156 0.141089
39 0.907813 0.243812 0.082812 0.063531
43 0.665234 0.274340 0.038281 0.086634
39 0.912891 0.474422 0.149219 0.075908
9 0.765625 0.500000 0.096875 0.156766
23 0.759375 0.723185 0.204687 0.144389
39 0.922656 0.706683 0.085938 0.068482
17 0.744141 0.910066 0.133594 0.097360
39 0.487500 0.915842 0.123438 0.067657
28 0.483203 0.804868 0.172656 0.137789
42 0.478125 0.688119 0.129688 0.052805
12 0.271875 0.806518 0.081250 0.098185
39 0.248047 0.903053 0.100781 0.070132
14 0.057031 0.742162 0.090625 0.116337
39 0.344141 0.497525 0.122656 0.072607
23 0.138672 0.554455 0.255469 0.130363
1 0.144922 0.318894 0.121094 0.157591
