39 0.756250 0.085044 0.109375 0.087977
22 0.709375 0.214076 0.170313 0.131965
12 0.546094 0.206012 0.067187 0.115836
39 0.535156 0.088710 0.082812 0.118768
2 0.359375 0.219208 0.103125 0.127566
27 0.174219 0.425220 0.103125 0.173021
41 0.239844 0.407625 0.029687 0.108504
39 0.049609 0.403959 0.064844 0.089443
39 0.302344 0.573314 0.104688 0.087977
9 0.173437 0.637097 0.135937 0.151026
22 0.393750 0.744868 0.117188 0.114370
39 0.373047 0.870968 0.111719 0.082111
17 0.567187 0.826979 0.092188 0.090909
0 0.712500 0.711877 0.090625 0.115836
43 0.757422 0.458211 0.028906 0.095308
39 0.931641 0.483871 0.066406 0.090909
29 0.835156 0.461877 0.093750 0.155425
