39 0.371875 0.052239 0.078125 0.063433
26 0.394141 0.182369 0.141406 0.120336
42 0.415625 0.262593 0.098437 0.053172
8 0.610547 0.164646 0.180469 0.118470
39 0.604297 0.050840 0.116406 0.064366
16 0.883203 0.140392 0.086719 0.111007
23 0.792188 0.357743 0.092188 0.221082
39 0.908594 0.328358 0.118750 0.085821
39 0.897266 0.618004 0.107031 0.073694
13 0.786719 0.642257 0.112500 0.086754
1 0.773047 0.801306 0.082031 0.117537
22 0.428906 0.865205 0.175000 0.116604
39 0.444531 0.747201 0.125000 0.080224
17 0.267969 0.954291 0.106250 0.078358
39 0.029687 0.648787 0.054688 0.068097
41 0.199219 0.607276 0.042188 0.117537
29 0.120313 0.632463 0.096875 0.145522
9 0.138281 0.392724 0.160938 0.149254
39 0.308203 0.370336 0.132031 0.072761
