39 0.230078 0.045861 0.142969 0.080537
12 0.235156 0.171700 0.081250 0.144295
22 0.438281 0.176734 0.212500 0.138702
39 0.429297 0.275727 0.116406 0.054810
39 0.691016 0.258949 0.117969 0.057047
8 0.708984 0.163311 0.208594 0.134228
41 0.750781 0.409396 0.048438 0.123043
29 0.841406 0.423937 0.101562 0.201342
39 0.940234 0.362416 0.077344 0.069351
2 0.692187 0.743289 0.125000 0.155481
39 0.444141 0.865772 0.089844 0.076063
28 0.458203 0.721477 0.144531 0.163311
40 0.436328 0.605705 0.100781 0.065996
39 0.298438 0.487136 0.126562 0.074944
9 0.139453 0.512304 0.141406 0.156600
17 0.135547 0.907718 0.128906 0.119687
14 0.051172 0.181767 0.080469 0.182327
