39 0.103125 0.400948 0.151562 0.100105
23 0.227344 0.508430 0.198437 0.138040
1 0.216406 0.687039 0.100000 0.132771
22 0.571094 0.734457 0.137500 0.130664
39 0.554297 0.610116 0.146094 0.080084
17 0.431641 0.926238 0.124219 0.107482
17 0.885156 0.875132 0.196875 0.140148
39 0.947266 0.671760 0.105469 0.062171
9 0.872656 0.615911 0.157812 0.106428
1 0.854688 0.462592 0.089063 0.143309
8 0.756641 0.220759 0.196094 0.106428
39 0.792969 0.090095 0.115625 0.076923
39 0.619531 0.081665 0.123438 0.070601
12 0.565625 0.209168 0.059375 0.123288
42 0.432031 0.330348 0.146875 0.057956
26 0.414453 0.218651 0.158594 0.169652
39 0.404297 0.069020 0.128906 0.070601
