39 0.180859 0.078009 0.105469 0.135215
39 0.397656 0.075037 0.065625 0.102526
12 0.164062 0.249629 0.071875 0.136701
28 0.401172 0.260030 0.122656 0.157504
42 0.421875 0.369985 0.112500 0.050520
22 0.652344 0.243685 0.165625 0.133730
39 0.682422 0.105498 0.124219 0.098068
16 0.881250 0.220654 0.060937 0.120357
1 0.804688 0.424963 0.070312 0.148588
13 0.798047 0.597325 0.083594 0.098068
39 0.903516 0.578752 0.086719 0.087667
17 0.807031 0.847697 0.081250 0.117385
39 0.632422 0.631501 0.127344 0.101040
8 0.622656 0.742199 0.110937 0.105498
12 0.422656 0.750371 0.075000 0.163447
39 0.432812 0.899703 0.137500 0.105498
9 0.070703 0.495542 0.074219 0.277860
39 0.163672 0.473254 0.088281 0.078752
