22 0.272266 0.143744 0.167969 0.159716
39 0.253125 0.260870 0.148438 0.062112
42 0.487891 0.263088 0.125781 0.061224
26 0.472656 0.154836 0.164062 0.153505
39 0.462109 0.035049 0.072656 0.059450
12 0.662500 0.139752 0.078125 0.114463
16 0.901953 0.120231 0.078906 0.109139
23 0.827734 0.311890 0.157031 0.128660
39 0.959375 0.288376 0.073438 0.085182
39 0.944141 0.477374 0.083594 0.074534
29 0.825391 0.499113 0.127344 0.165927
41 0.714844 0.483585 0.046875 0.094055
13 0.810156 0.669920 0.128125 0.078083
17 0.815625 0.907720 0.117188 0.102928
8 0.667578 0.806566 0.175781 0.101154
39 0.649609 0.722272 0.136719 0.072760
26 0.459766 0.823425 0.136719 0.138421
39 0.460547 0.939219 0.091406 0.055901
42 0.454688 0.699645 0.101562 0.057675
2 0.299609 0.834073 0.091406 0.099379
39 0.276562 0.673026 0.148438 0.062999
9 0.110156 0.694765 0.159375 0.127773
43 0.230469 0.486247 0.051562 0.106477
39 0.313672 0.480923 0.100781 0.063886
29 0.106641 0.496007 0.139844 0.195209
