39 0.247656 0.047750 0.137500 0.056933
8 0.238672 0.140496 0.222656 0.104683
12 0.420312 0.141873 0.073438 0.112948
39 0.428906 0.249311 0.123438 0.067034
2 0.584766 0.146465 0.114844 0.114784
13 0.759375 0.359963 0.129688 0.091827
39 0.909375 0.330119 0.131250 0.074380
1 0.744531 0.528007 0.082812 0.134068
39 0.899219 0.700643 0.120313 0.066116
29 0.745313 0.721304 0.126562 0.136823
41 0.624219 0.695592 0.057813 0.105601
2 0.494922 0.790174 0.105469 0.103765
8 0.316016 0.795684 0.185156 0.107438
39 0.326562 0.905418 0.139063 0.071625
17 0.101953 0.912305 0.128906 0.109275
43 0.199609 0.562443 0.046094 0.109275
39 0.277734 0.554637 0.064844 0.064279
39 0.245703 0.370523 0.080469 0.067034
23 0.099219 0.366391 0.160938 0.128558
27 0.103516 0.573462 0.122656 0.160698
