39 0.217188 0.044143 0.132812 0.071307
28 0.223828 0.176146 0.141406 0.121392
42 0.234375 0.277165 0.098437 0.053480
2 0.481641 0.160866 0.135156 0.119694
12 0.708594 0.154924 0.070312 0.107810
39 0.691797 0.051783 0.092969 0.073005
16 0.864453 0.117572 0.110156 0.119694
39 0.939063 0.412564 0.103125 0.076401
43 0.660937 0.424448 0.060937 0.100170
29 0.778516 0.438031 0.139844 0.161290
39 0.594531 0.656621 0.101562 0.077250
22 0.634375 0.758065 0.196875 0.110357
17 0.425781 0.926995 0.128125 0.105263
2 0.316406 0.792445 0.140625 0.111205
39 0.234766 0.596350 0.167969 0.087436
9 0.084766 0.627759 0.113281 0.218166
39 0.237500 0.401952 0.142187 0.072156
13 0.079687 0.400679 0.126562 0.089983
