14 0.079297 0.186690 0.107031 0.115817
28 0.321875 0.197926 0.128125 0.101988
39 0.329688 0.307260 0.112500 0.063094
42 0.342969 0.084270 0.118750 0.047537
2 0.513672 0.184529 0.114844 0.108038
39 0.720313 0.065687 0.140625 0.077787
8 0.721875 0.168107 0.184375 0.101124
39 0.893750 0.303803 0.100000 0.064823
13 0.799219 0.385912 0.131250 0.073466
9 0.777344 0.530683 0.178125 0.110631
39 0.934766 0.499568 0.117969 0.062230
39 0.617578 0.652982 0.117969 0.063094
12 0.586719 0.763613 0.075000 0.116681
17 0.520703 0.937338 0.111719 0.099395
40 0.328516 0.875540 0.113281 0.053587
39 0.357812 0.658600 0.115625 0.070873
1 0.160547 0.686690 0.111719 0.108038
23 0.160938 0.483146 0.115625 0.222990
26 0.347656 0.775713 0.150000 0.114952
