39 0.326943 0.047266 0.164767 0.075781
26 0.336788 0.133203 0.201036 0.102344
42 0.354404 0.220703 0.116062 0.046094
2 0.610881 0.116406 0.166839 0.110937
13 0.838860 0.400781 0.166839 0.101562
39 0.679793 0.399609 0.126425 0.069531
39 0.703627 0.616797 0.140933 0.053906
23 0.848187 0.627734 0.119171 0.175781
16 0.924352 0.846094 0.113990 0.090625
22 0.718653 0.858203 0.123316 0.114844
39 0.718135 0.948438 0.155440 0.048438
2 0.513472 0.862891 0.127461 0.096094
39 0.360622 0.947266 0.126425 0.041406
8 0.355959 0.855469 0.123316 0.123438
17 0.107772 0.951172 0.149223 0.078906
13 0.093264 0.785937 0.126425 0.084375
39 0.237824 0.777344 0.175130 0.071875
13 0.086528 0.678906 0.104663 0.075000
39 0.237306 0.658594 0.159585 0.062500
39 0.244560 0.500781 0.211399 0.060937
23 0.079793 0.517188 0.093264 0.148438
39 0.227979 0.277344 0.172021 0.060937
9 0.081865 0.276953 0.101554 0.183594
