39 0.219531 0.073733 0.126562 0.103687
28 0.230859 0.185484 0.119531 0.129032
42 0.236328 0.275922 0.080469 0.049539
12 0.384375 0.189516 0.078125 0.150922
39 0.419141 0.055300 0.130469 0.096774
2 0.541797 0.188364 0.119531 0.132488
16 0.787500 0.158986 0.073438 0.119816
23 0.729297 0.375576 0.163281 0.154378
39 0.905859 0.320276 0.146094 0.082949
39 0.910937 0.554724 0.170313 0.088710
9 0.724609 0.599654 0.152344 0.153226
42 0.504687 0.634793 0.084375 0.057604
26 0.512109 0.774194 0.138281 0.161290
39 0.548438 0.885945 0.162500 0.096774
39 0.288281 0.904378 0.156250 0.089862
8 0.283984 0.783410 0.199219 0.142857
17 0.058594 0.925691 0.115625 0.120968
23 0.064453 0.523618 0.094531 0.312212
39 0.188281 0.492512 0.126562 0.072581
