3 0.092578 0.286458 0.103906 0.116319
13 0.094922 0.444878 0.157031 0.101562
39 0.269141 0.434028 0.164844 0.074653
39 0.258203 0.607205 0.169531 0.072049
13 0.108203 0.623698 0.113281 0.094618
17 0.117578 0.948785 0.097656 0.076389
12 0.208203 0.800347 0.077344 0.112847
39 0.234766 0.882378 0.072656 0.061632
2 0.377734 0.800347 0.135156 0.114583
12 0.544141 0.789931 0.082031 0.102431
39 0.547656 0.878906 0.067187 0.058160
17 0.761328 0.892361 0.094531 0.088542
39 0.887891 0.669705 0.121094 0.065104
13 0.769141 0.668403 0.111719 0.092014
1 0.778516 0.492622 0.108594 0.134549
13 0.772656 0.319444 0.121875 0.100694
39 0.917188 0.298611 0.134375 0.069444
39 0.748828 0.044705 0.203906 0.066840
12 0.695312 0.142795 0.073438 0.098090
2 0.526563 0.154514 0.123438 0.102431
12 0.387891 0.141493 0.074219 0.111111
39 0.376563 0.046007 0.129688 0.055556
