17 0.846487 0.929688 0.153032 0.078125
1 0.848412 0.745313 0.135707 0.129688
2 0.576516 0.835938 0.188643 0.100000
42 0.388354 0.766406 0.122233 0.051562
28 0.341675 0.834375 0.192493 0.096875
39 0.343118 0.916797 0.124158 0.069531
39 0.359962 0.569922 0.111646 0.060156
41 0.259865 0.569531 0.073147 0.090625
27 0.148701 0.576953 0.139557 0.175781
1 0.085178 0.372656 0.166506 0.140625
2 0.211261 0.139063 0.162656 0.107813
39 0.442733 0.046094 0.153994 0.071875
12 0.485563 0.134375 0.124158 0.101562
2 0.746391 0.132422 0.212705 0.116406
1 0.893648 0.345313 0.170356 0.160938
23 0.869586 0.551172 0.126083 0.172656
39 0.700192 0.555078 0.191530 0.080469
