1 0.060156 0.663656 0.070312 0.143464
17 0.069531 0.932519 0.096875 0.120085
39 0.353906 0.886823 0.132812 0.100956
26 0.364453 0.788523 0.125781 0.112646
42 0.364453 0.690755 0.092969 0.051010
39 0.566797 0.651435 0.108594 0.076514
8 0.572266 0.771520 0.155469 0.133900
12 0.735938 0.757705 0.078125 0.146652
39 0.798438 0.841658 0.129688 0.080765
1 0.876563 0.628587 0.070312 0.113709
39 0.793750 0.418704 0.059375 0.068013
23 0.897266 0.426674 0.105469 0.251860
16 0.954688 0.089267 0.065625 0.095643
22 0.808594 0.119554 0.146875 0.115834
39 0.787500 0.038789 0.100000 0.071201
2 0.528906 0.142402 0.114062 0.119022
12 0.366016 0.143996 0.061719 0.120085
39 0.402344 0.035600 0.110937 0.060574
39 0.176172 0.063231 0.114844 0.086079
28 0.202344 0.163656 0.115625 0.121148
42 0.219531 0.250266 0.101562 0.054198
39 0.189453 0.408077 0.105469 0.091392
13 0.073438 0.421892 0.112500 0.114772
