9 0.116016 0.353645 0.177344 0.165397
39 0.318359 0.341676 0.166406 0.069641
39 0.356641 0.551143 0.191406 0.068553
39 0.287500 0.054407 0.143750 0.093580
12 0.287109 0.165941 0.078906 0.118607
23 0.130469 0.562024 0.187500 0.155604
39 0.238281 0.694233 0.078125 0.084875
13 0.123047 0.730686 0.114844 0.099021
17 0.141406 0.933079 0.117188 0.105550
39 0.403125 0.937432 0.170313 0.083787
28 0.373047 0.811752 0.167969 0.134929
42 0.373047 0.714908 0.072656 0.056583
2 0.573047 0.801959 0.119531 0.134929
17 0.833594 0.867791 0.106250 0.072905
39 0.939063 0.584875 0.109375 0.099021
13 0.813672 0.597933 0.125781 0.109902
1 0.808594 0.405332 0.092188 0.144723
42 0.709375 0.262242 0.112500 0.065288
16 0.939844 0.133841 0.090625 0.130577
26 0.707031 0.162677 0.110937 0.112078
39 0.691406 0.066376 0.087500 0.087051
39 0.496094 0.054407 0.132812 0.069641
22 0.509375 0.168662 0.189062 0.124048
