39 0.276172 0.061047 0.100781 0.084884
22 0.290234 0.141860 0.132031 0.086047
12 0.449609 0.145349 0.055469 0.106977
22 0.651172 0.143023 0.177344 0.090698
39 0.683594 0.050581 0.153125 0.073256
16 0.895703 0.108140 0.078906 0.137209
39 0.867969 0.286047 0.118750 0.081395
13 0.762109 0.293023 0.089844 0.083721
23 0.768359 0.458140 0.135156 0.109302
39 0.921484 0.443605 0.133594 0.075581
39 0.860547 0.610465 0.077344 0.072093
13 0.756250 0.616279 0.104688 0.088372
22 0.626172 0.793605 0.064844 0.156977
39 0.688281 0.901163 0.137500 0.100000
12 0.470313 0.811047 0.076563 0.108140
39 0.490625 0.706977 0.076563 0.079070
22 0.321484 0.816279 0.175781 0.109302
39 0.326172 0.723837 0.147656 0.080233
41 0.205859 0.570349 0.042969 0.084884
39 0.055469 0.582558 0.098437 0.104651
29 0.143359 0.600000 0.075781 0.186047
3 0.128125 0.348837 0.085938 0.151163
