39 0.344531 0.056433 0.143750 0.101580
26 0.349219 0.170429 0.118750 0.126411
42 0.355469 0.281038 0.081250 0.054176
2 0.504687 0.167607 0.093750 0.109481
22 0.704688 0.171558 0.181250 0.101580
39 0.694531 0.082393 0.123438 0.054176
43 0.740625 0.348194 0.037500 0.086907
27 0.808984 0.359481 0.086719 0.154628
39 0.876953 0.335214 0.047656 0.065463
3 0.806641 0.532731 0.088281 0.112867
23 0.812109 0.713883 0.152344 0.134312
39 0.942578 0.694131 0.092969 0.067720
17 0.799219 0.926072 0.082812 0.095937
28 0.580469 0.832957 0.131250 0.126411
42 0.585938 0.745485 0.106250 0.053047
39 0.582422 0.927765 0.092969 0.063205
0 0.406641 0.845372 0.096094 0.126411
8 0.245312 0.854402 0.093750 0.185102
39 0.312891 0.720655 0.150781 0.082393
14 0.058594 0.887698 0.064062 0.100451
41 0.213281 0.584086 0.043750 0.080135
27 0.152734 0.601580 0.082031 0.146727
39 0.053125 0.606659 0.073438 0.095937
1 0.146484 0.393341 0.088281 0.161400
