39 0.444265 0.035547 0.143780 0.057031
28 0.446284 0.117188 0.139742 0.106250
42 0.466074 0.200781 0.092084 0.057813
12 0.622779 0.104688 0.080775 0.100000
39 0.728595 0.053125 0.140549 0.060937
39 0.932956 0.165234 0.092084 0.057031
29 0.852585 0.253516 0.136511 0.136719
43 0.754847 0.249609 0.052504 0.099219
1 0.838045 0.403125 0.120355 0.110937
13 0.826737 0.564844 0.125202 0.100000
39 0.941034 0.538672 0.087237 0.066406
17 0.845719 0.892188 0.122779 0.121875
8 0.669628 0.759766 0.208401 0.122656
39 0.678514 0.655859 0.148627 0.066406
26 0.433360 0.782422 0.163974 0.125781
39 0.415186 0.874219 0.126010 0.056250
42 0.416397 0.683984 0.094507 0.053906
17 0.142973 0.939063 0.142165 0.096875
23 0.151454 0.666016 0.120355 0.186719
39 0.283522 0.624609 0.130856 0.082031
39 0.054120 0.439063 0.087237 0.085938
29 0.138934 0.475000 0.108239 0.157812
41 0.231826 0.442578 0.048465 0.096094
1 0.135703 0.289844 0.113086 0.132812
2 0.288368 0.120313 0.101777 0.098437
