39 0.243625 0.055469 0.184882 0.082812
22 0.198543 0.133594 0.205829 0.078125
12 0.393898 0.127344 0.082878 0.096875
39 0.434882 0.190625 0.157559 0.067187
2 0.613843 0.114844 0.189435 0.090625
16 0.873862 0.061719 0.095628 0.090625
23 0.789162 0.289844 0.108379 0.170313
39 0.913024 0.245312 0.130237 0.071875
39 0.930783 0.487109 0.136612 0.063281
9 0.791894 0.539062 0.112022 0.160938
13 0.801457 0.730469 0.120219 0.104688
39 0.922587 0.708594 0.107468 0.062500
0 0.520036 0.850781 0.138434 0.100000
39 0.348361 0.774609 0.121129 0.069531
12 0.333789 0.863281 0.095628 0.095312
17 0.223133 0.956641 0.105647 0.072656
1 0.066940 0.773438 0.084699 0.103125
9 0.067851 0.503125 0.086521 0.160938
39 0.226776 0.460938 0.213115 0.079687
39 0.199909 0.314844 0.126594 0.064062
13 0.064208 0.332422 0.122951 0.091406
