15 0.065625 0.078947 0.121875 0.105263
39 0.267578 0.055603 0.157031 0.077250
28 0.281641 0.174873 0.133594 0.122241
12 0.454297 0.146010 0.096094 0.113752
42 0.294531 0.270798 0.084375 0.061121
39 0.473047 0.042445 0.121094 0.078098
2 0.651563 0.140492 0.153125 0.111205
41 0.716797 0.346350 0.053906 0.105263
27 0.814063 0.336163 0.115625 0.156197
39 0.937500 0.286078 0.104688 0.069610
39 0.921484 0.468591 0.067969 0.073005
13 0.810156 0.496604 0.117188 0.086587
1 0.820703 0.679966 0.108594 0.144312
40 0.533984 0.706706 0.099219 0.061969
28 0.560547 0.807301 0.152344 0.127334
39 0.628125 0.891341 0.214062 0.093379
2 0.368359 0.843803 0.130469 0.101868
12 0.198437 0.851443 0.084375 0.118846
39 0.208984 0.954584 0.113281 0.077250
29 0.111328 0.639219 0.113281 0.181664
43 0.201172 0.604839 0.047656 0.095925
39 0.307812 0.565365 0.160938 0.093379
39 0.248828 0.368846 0.175781 0.085739
9 0.093750 0.382852 0.093750 0.198642
