39 0.783594 0.027950 0.120313 0.054126
12 0.735547 0.133097 0.063281 0.115350
13 0.755469 0.473381 0.148438 0.114463
39 0.901563 0.448980 0.128125 0.081633
39 0.932422 0.600266 0.099219 0.068323
9 0.780469 0.632653 0.176563 0.136646
22 0.702734 0.877995 0.144531 0.096717
39 0.711328 0.960515 0.172656 0.054126
42 0.501172 0.764862 0.096094 0.055013
26 0.482422 0.869122 0.142969 0.119787
39 0.487500 0.969831 0.103125 0.060337
0 0.298438 0.869122 0.139063 0.121562
39 0.234375 0.675688 0.126562 0.068323
9 0.088672 0.719610 0.142969 0.122449
39 0.236719 0.527507 0.143750 0.073647
13 0.093359 0.549246 0.114844 0.081633
39 0.243359 0.355368 0.136719 0.062999
23 0.112891 0.361136 0.097656 0.170364
39 0.361328 0.235581 0.088281 0.066548
0 0.573828 0.128660 0.128906 0.117125
40 0.362500 0.041260 0.126562 0.066548
28 0.377344 0.138421 0.126562 0.115350
