39 0.279687 0.052103 0.164062 0.088910
8 0.259766 0.134799 0.196094 0.091778
28 0.465234 0.126195 0.119531 0.108987
42 0.470313 0.235660 0.081250 0.058317
39 0.491016 0.031549 0.113281 0.061185
2 0.662500 0.114723 0.125000 0.101338
16 0.912891 0.083652 0.080469 0.111855
39 0.929297 0.277247 0.082031 0.059273
23 0.801562 0.304493 0.151562 0.123327
43 0.676172 0.490918 0.039844 0.085086
39 0.924219 0.462237 0.135937 0.060229
27 0.779297 0.487572 0.117969 0.143403
39 0.930859 0.622371 0.117969 0.063098
9 0.788281 0.662524 0.148438 0.141491
39 0.304688 0.352772 0.192188 0.101338
9 0.119531 0.398662 0.151562 0.152964
39 0.498437 0.705545 0.117188 0.049713
22 0.510547 0.789675 0.178906 0.105163
2 0.312500 0.820268 0.135937 0.105163
17 0.116016 0.951243 0.097656 0.091778
43 0.206641 0.612333 0.041406 0.079350
27 0.126172 0.619981 0.105469 0.171128
39 0.032031 0.641491 0.051562 0.076482
