39 0.487500 0.045902 0.123438 0.074317
28 0.486328 0.172131 0.142969 0.112568
42 0.508984 0.263388 0.091406 0.059016
12 0.663281 0.151913 0.068750 0.085246
39 0.689063 0.056831 0.117188 0.089617
2 0.812891 0.151913 0.105469 0.093989
39 0.804688 0.309290 0.126562 0.080874
9 0.848437 0.402186 0.148438 0.124590
39 0.928516 0.592896 0.072656 0.077596
41 0.753516 0.638251 0.044531 0.085246
27 0.837109 0.642077 0.096094 0.147541
17 0.829297 0.842077 0.102344 0.103825
22 0.514453 0.792896 0.175781 0.132240
39 0.560547 0.885246 0.155469 0.076503
12 0.300391 0.832240 0.094531 0.123497
39 0.319922 0.934426 0.138281 0.074317
43 0.282422 0.596721 0.055469 0.096175
39 0.063281 0.601093 0.101562 0.089617
27 0.184375 0.607104 0.109375 0.169399
3 0.182422 0.371038 0.125781 0.169399
