16 0.771050 0.344329 0.042101 0.081019
16 0.770291 0.651910 0.042752 0.077546
16 0.771593 0.498987 0.053602 0.068576
17 0.549262 0.813802 0.036892 0.054109
17 0.183268 0.825666 0.062717 0.076678
14 0.108073 0.455295 0.065972 0.089410
15 0.440321 0.168547 0.054253 0.070891
27 0.695421 0.585359 0.046658 0.081019
14 0.096246 0.644965 0.061849 0.077546
15 0.201063 0.180845 0.059679 0.069444
15 0.582248 0.177083 0.052517 0.075231
15 0.323459 0.166811 0.058377 0.067419
27 0.177083 0.383247 0.044271 0.084201
28 0.532878 0.296730 0.068793 0.068576
26 0.241319 0.731771 0.061632 0.056713
26 0.375000 0.291088 0.060764 0.056134
28 0.276367 0.296296 0.059679 0.065972
27 0.176758 0.514902 0.044922 0.085938
17 0.335829 0.819878 0.046224 0.078993
17 0.440972 0.801649 0.042101 0.063947
28 0.393880 0.714120 0.057292 0.065394
28 0.495985 0.716580 0.070095 0.083623
28 0.609158 0.713108 0.068142 0.080150
17 0.696940 0.803241 0.041450 0.064815
15 0.678060 0.161169 0.049696 0.067708
27 0.696832 0.443432 0.043403 0.073785
28 0.638563 0.311487 0.070095 0.068576
