2 0.098199 0.129051 0.045790 0.041667
2 0.159397 0.128617 0.046658 0.042535
2 0.216254 0.123698 0.039714 0.044271
2 0.314128 0.122396 0.049696 0.046296
24 0.419813 0.100839 0.047526 0.030382
24 0.500760 0.098669 0.044054 0.030093
2 0.567491 0.111979 0.042969 0.041088
2 0.665365 0.106337 0.044271 0.044271
24 0.755425 0.096644 0.046007 0.035301
24 0.829102 0.093027 0.049262 0.032697
24 0.899523 0.091001 0.047309 0.030382
3 0.371636 0.201534 0.036241 0.043692
7 0.372179 0.280237 0.046007 0.036169
13 0.373806 0.362124 0.057075 0.039641
3 0.372070 0.449363 0.037543 0.054977
25 0.376302 0.527199 0.017361 0.048611
9 0.373589 0.622830 0.024523 0.069155
9 0.065647 0.264034 0.024523 0.071470
7 0.065864 0.378762 0.044054 0.035301
13 0.066189 0.481771 0.047743 0.038773
9 0.062609 0.612124 0.027995 0.077836
7 0.068685 0.704138 0.050130 0.032697
3 0.067925 0.795718 0.038628 0.058449
2 0.172852 0.853299 0.042752 0.051505
12 0.241970 0.847512 0.025174 0.050347
8 0.325738 0.843895 0.044271 0.039062
2 0.499023 0.847078 0.052300 0.050058
24 0.620334 0.825666 0.046224 0.033854
8 0.727865 0.842737 0.050347 0.037905
24 0.840820 0.827836 0.054905 0.041088
8 0.914497 0.846065 0.049479 0.033565
25 0.953016 0.724537 0.020182 0.047454
25 0.947266 0.603877 0.023872 0.076389
3 0.953234 0.494647 0.035373 0.061632
25 0.942925 0.400318 0.026910 0.063947
9 0.957248 0.307581 0.029080 0.063657
