1 0.736400 0.655056 0.053819 0.043620
2 0.603154 0.707248 0.069734 0.033854
8 0.347946 0.701497 0.090567 0.037977
8 0.312645 0.424262 0.094618 0.029948
8 0.572627 0.329970 0.089120 0.038411
9 0.722801 0.382595 0.051505 0.076389
9 0.735098 0.539714 0.047164 0.090278
12 0.467448 0.335720 0.053530 0.073785
22 0.303385 0.311306 0.092882 0.039280
26 0.495949 0.703885 0.085648 0.052734
28 0.319300 0.581055 0.091725 0.057075
12 0.481337 0.584527 0.105035 0.066623
16 0.631366 0.581272 0.090856 0.067057
