1 0.802228 0.376736 0.074363 0.092448
2 0.546152 0.868490 0.102141 0.060330
3 0.469184 0.376953 0.076678 0.069878
3 0.180266 0.283854 0.087384 0.075521
13 0.349826 0.304905 0.113426 0.063368
8 0.614439 0.272461 0.150174 0.042752
9 0.337095 0.175998 0.064236 0.101128
23 0.630353 0.716580 0.056424 0.121962
26 0.260706 0.072700 0.078704 0.037760
27 0.625145 0.575412 0.069734 0.057075
28 0.733362 0.499674 0.081887 0.058377
13 0.180845 0.151910 0.091435 0.060330
17 0.435041 0.968967 0.187211 0.062066
