3 0.428775 0.277511 0.085470 0.060363
3 0.682336 0.260951 0.084046 0.050748
8 0.845442 0.511218 0.094017 0.030983
8 0.593305 0.471421 0.205128 0.028312
8 0.275641 0.195246 0.227920 0.037927
9 0.832265 0.431090 0.061966 0.084402
9 0.138889 0.314637 0.074074 0.167735
15 0.459758 0.104701 0.241453 0.063034
28 0.570157 0.195246 0.087607 0.034722
22 0.295228 0.448451 0.184473 0.028312
22 0.292735 0.508280 0.198006 0.031517
26 0.701211 0.322650 0.079060 0.036325
13 0.796296 0.242788 0.068376 0.029380
