29 0.584402 0.593750 0.047721 0.040064
13 0.677707 0.491186 0.046296 0.026175
13 0.654202 0.388889 0.043447 0.020299
13 0.563034 0.493056 0.053419 0.025641
3 0.460114 0.529915 0.061254 0.045940
13 0.642094 0.346688 0.040598 0.022436
9 0.257479 0.429220 0.044872 0.052885
23 0.358618 0.482105 0.033476 0.049679
13 0.355057 0.415865 0.051994 0.024038
13 0.433761 0.401976 0.045584 0.025107
13 0.445157 0.461004 0.051282 0.026709
13 0.557336 0.443109 0.044872 0.022970
13 0.665598 0.443376 0.044872 0.020299
13 0.544160 0.386752 0.055556 0.023504
13 0.686254 0.544071 0.043447 0.019765
17 0.263533 0.702190 0.066952 0.036859
13 0.690527 0.588675 0.053419 0.026709
13 0.251425 0.351763 0.056980 0.024038
13 0.345085 0.352831 0.059117 0.028312
13 0.419160 0.342949 0.053419 0.023504
13 0.532407 0.341079 0.059117 0.028312
27 0.701567 0.627404 0.047009 0.037927
13 0.579416 0.547543 0.057692 0.032051
