27 0.371795 0.439904 0.045584 0.037927
2 0.784900 0.337073 0.064103 0.028846
2 0.581197 0.351496 0.061254 0.028846
2 0.679843 0.345353 0.051994 0.034722
2 0.610399 0.495994 0.049858 0.035791
2 0.715100 0.490118 0.061254 0.043269
9 0.871083 0.440171 0.052707 0.047009
8 0.346154 0.515759 0.064103 0.034722
12 0.481125 0.359776 0.034900 0.032585
12 0.279915 0.367254 0.034188 0.030449
12 0.389601 0.361645 0.037037 0.027778
17 0.257835 0.555021 0.062678 0.028846
2 0.505698 0.508814 0.058405 0.031517
12 0.426638 0.514423 0.037037 0.029915
23 0.233618 0.467682 0.044160 0.048611
29 0.226852 0.411592 0.032051 0.029380
13 0.858262 0.384882 0.061254 0.027244
