27 0.160367 0.134600 0.026772 0.031600
2 0.727822 0.661000 0.050919 0.027600
28 0.216535 0.868600 0.036220 0.030000
2 0.657480 0.661800 0.041470 0.025200
26 0.307612 0.872000 0.052493 0.032000
26 0.451969 0.420200 0.046194 0.025200
3 0.733333 0.474400 0.060892 0.042400
3 0.719423 0.143800 0.057218 0.038000
29 0.722047 0.227400 0.037270 0.039600
13 0.527297 0.493400 0.042520 0.026000
8 0.591864 0.078600 0.093963 0.021200
8 0.519948 0.661400 0.091864 0.023600
8 0.267717 0.660800 0.087139 0.021600
8 0.387927 0.662000 0.095538 0.024000
8 0.518373 0.866200 0.064567 0.029200
8 0.607087 0.416800 0.102362 0.027200
26 0.248556 0.422000 0.043570 0.029600
13 0.301312 0.472800 0.041995 0.023200
17 0.161680 0.297200 0.026247 0.023200
12 0.320997 0.084000 0.025722 0.030400
12 0.380840 0.083800 0.024672 0.030800
12 0.622835 0.865600 0.036220 0.028000
12 0.396325 0.872400 0.037795 0.030400
12 0.486352 0.083000 0.032021 0.030000
12 0.589501 0.661200 0.026247 0.021600
22 0.524409 0.279800 0.099738 0.025200
26 0.343045 0.422400 0.045669 0.026400
23 0.789501 0.776800 0.024147 0.060800
29 0.140682 0.822600 0.043045 0.038000
29 0.141732 0.768000 0.039895 0.036000
23 0.135171 0.512200 0.028871 0.049200
