0 0.222005 0.347801 0.051649 0.057292
0 0.299045 0.351273 0.046875 0.071759
0 0.392904 0.349248 0.051866 0.078125
0 0.502170 0.343316 0.063802 0.067998
0 0.606445 0.340712 0.057075 0.061053
12 0.224067 0.864439 0.041884 0.079572
12 0.332140 0.859520 0.037977 0.072627
12 0.411458 0.857350 0.036892 0.071759
12 0.497287 0.857784 0.034071 0.074363
12 0.576497 0.845486 0.034071 0.076389
12 0.664280 0.847222 0.036458 0.082176
12 0.756293 0.839265 0.036458 0.084780
2 0.216688 0.227720 0.054036 0.070602
2 0.308051 0.225839 0.047092 0.072627
2 0.403537 0.220197 0.053168 0.077546
2 0.501736 0.224537 0.064670 0.067130
2 0.609484 0.218605 0.064887 0.061632
24 0.229601 0.717303 0.052951 0.042824
24 0.342556 0.719039 0.066189 0.044560
24 0.468859 0.712529 0.084418 0.050058
24 0.593641 0.704861 0.062283 0.053241
24 0.716254 0.701823 0.067491 0.045428
4 0.223416 0.467159 0.047526 0.084780
4 0.303385 0.467303 0.037760 0.070023
4 0.377930 0.471354 0.040148 0.083912
4 0.459201 0.462818 0.042101 0.069734
4 0.550022 0.458478 0.040148 0.070312
6 0.219727 0.093605 0.035807 0.090567
6 0.292860 0.093750 0.037543 0.084491
6 0.378364 0.087963 0.040148 0.086806
6 0.477865 0.092448 0.035590 0.096354
6 0.563911 0.096933 0.035807 0.093171
8 0.246202 0.605035 0.089193 0.060764
8 0.391493 0.605035 0.093750 0.061921
8 0.529839 0.601707 0.077474 0.053530
8 0.652778 0.605469 0.080295 0.065104
8 0.770182 0.601418 0.096788 0.065683
