10 0.084118 0.178030 0.052941 0.017879
10 0.085098 0.357424 0.052549 0.018485
10 0.086078 0.801364 0.051373 0.018485
10 0.087059 0.710606 0.050196 0.018182
10 0.087255 0.531364 0.051373 0.016061
10 0.088039 0.619242 0.051373 0.016061
10 0.089412 0.445303 0.048627 0.019091
10 0.089804 0.269242 0.053333 0.019091
10 0.090000 0.090455 0.049020 0.020303
10 0.091569 0.892121 0.054510 0.021818
10 0.196667 0.356364 0.044314 0.017576
10 0.198235 0.532576 0.047451 0.017273
10 0.198824 0.887424 0.049412 0.016667
10 0.199412 0.618333 0.047451 0.017879
10 0.199608 0.708485 0.050196 0.018182
10 0.200392 0.176364 0.053333 0.021818
10 0.200588 0.266061 0.050588 0.018788
10 0.201176 0.444545 0.049412 0.017576
10 0.202353 0.088030 0.046275 0.019091
10 0.203137 0.801667 0.049412 0.016061
10 0.308824 0.444091 0.051373 0.017273
10 0.311373 0.888485 0.049412 0.017576
10 0.311569 0.800909 0.049020 0.016970
10 0.313529 0.177727 0.052157 0.018485
10 0.313922 0.706818 0.047451 0.017273
10 0.314902 0.088030 0.050196 0.020303
10 0.315098 0.268788 0.049804 0.019394
10 0.316275 0.533030 0.051373 0.016970
10 0.317255 0.355758 0.049412 0.017576
10 0.317255 0.619394 0.043922 0.018788
10 0.424118 0.177576 0.052157 0.019394
10 0.426275 0.088636 0.050196 0.019697
10 0.426667 0.355455 0.053333 0.018182
10 0.427843 0.888636 0.048627 0.017879
10 0.429216 0.531515 0.052157 0.018788
10 0.429804 0.797424 0.051765 0.016667
10 0.430000 0.441061 0.049804 0.020303
10 0.430196 0.265758 0.054902 0.019394
10 0.431765 0.709848 0.054118 0.017273
10 0.433922 0.617879 0.049804 0.018788
10 0.536078 0.710152 0.050980 0.017879
10 0.538431 0.268182 0.052549 0.018182
10 0.539020 0.887424 0.049804 0.019697
10 0.540000 0.531364 0.054118 0.018485
10 0.540784 0.176970 0.052549 0.019394
10 0.541176 0.354697 0.058824 0.019697
10 0.541373 0.618788 0.051373 0.020000
10 0.542745 0.444091 0.052549 0.017273
10 0.543333 0.089545 0.050588 0.019091
10 0.546275 0.800000 0.050196 0.018182
10 0.653529 0.620000 0.052941 0.019394
10 0.653922 0.353636 0.061569 0.020000
10 0.655686 0.799091 0.054118 0.017576
10 0.655686 0.888939 0.054118 0.019091
10 0.655882 0.270455 0.049804 0.018485
10 0.656078 0.088939 0.049412 0.019091
10 0.656275 0.175606 0.051373 0.018485
10 0.656667 0.533485 0.049020 0.017273
10 0.657255 0.442273 0.050980 0.016061
10 0.661765 0.708939 0.049020 0.019091
10 0.764118 0.269242 0.054510 0.016061
10 0.766078 0.354545 0.054510 0.018182
10 0.766863 0.620455 0.050588 0.020303
10 0.767451 0.889545 0.052549 0.017879
10 0.769216 0.178485 0.051373 0.017576
10 0.770784 0.533030 0.051373 0.019394
10 0.770980 0.442273 0.058039 0.019697
10 0.772157 0.708636 0.049412 0.017879
10 0.772745 0.088636 0.041961 0.019697
10 0.776863 0.798788 0.052549 0.015758
10 0.876275 0.087576 0.060000 0.020606
10 0.876275 0.353030 0.050588 0.017576
10 0.878824 0.270909 0.053333 0.018788
10 0.880196 0.888030 0.051373 0.018485
10 0.880980 0.534394 0.052941 0.020303
10 0.882157 0.444091 0.051373 0.018485
10 0.882157 0.622727 0.052157 0.020606
10 0.882549 0.177879 0.050588 0.018182
10 0.882941 0.797879 0.049804 0.021212
10 0.885294 0.709242 0.053725 0.019091
