22 0.795206 0.843750 0.292563 0.146147
13 0.546055 0.758224 0.190638 0.114192
13 0.530200 0.614427 0.066063 0.066259
13 0.752926 0.606908 0.078898 0.074718
23 0.745564 0.474154 0.050585 0.123120
39 0.852397 0.468280 0.125330 0.083177
39 0.857682 0.310855 0.125330 0.073778
40 0.864288 0.263158 0.109853 0.048872
29 0.741223 0.313205 0.066063 0.104793
26 0.632692 0.196429 0.089090 0.073308
39 0.477161 0.287594 0.163835 0.070489
8 0.482635 0.197603 0.099283 0.082237
8 0.330691 0.198073 0.118535 0.087876
2 0.198188 0.194314 0.086825 0.095395
39 0.369762 0.095630 0.174028 0.083177
2 0.461306 0.492246 0.061910 0.099154
9 0.381842 0.619361 0.069838 0.108083
39 0.279728 0.714051 0.146470 0.066259
8 0.273311 0.808506 0.109475 0.065320
17 0.389015 0.904605 0.078898 0.094925
12 0.184975 0.807801 0.058135 0.095865
9 0.065308 0.721335 0.076255 0.124060
39 0.182899 0.543938 0.141563 0.074718
29 0.069271 0.546758 0.072103 0.105733
17 0.174972 0.436090 0.084938 0.070489
