39 0.845073 0.680262 0.196759 0.092777
23 0.696925 0.681818 0.075066 0.229141
12 0.494544 0.819427 0.068452 0.166874
12 0.382440 0.825965 0.075066 0.141345
12 0.283896 0.812267 0.057209 0.141345
8 0.159061 0.786115 0.087963 0.072852
8 0.198909 0.634807 0.092262 0.092777
23 0.280423 0.558842 0.044974 0.107721
8 0.207341 0.462329 0.066799 0.081569
13 0.151786 0.299191 0.084656 0.128892
8 0.287202 0.127335 0.104167 0.086550
2 0.423446 0.126712 0.083003 0.151308
17 0.611772 0.357098 0.088624 0.113948
26 0.794478 0.330946 0.068452 0.116438
