39 0.763380 0.033594 0.200939 0.062500
12 0.638498 0.103125 0.082629 0.078125
29 0.741784 0.278906 0.152113 0.159375
39 0.888732 0.261328 0.098592 0.057031
41 0.630047 0.289453 0.065728 0.077344
1 0.725822 0.511719 0.103286 0.117188
39 0.891549 0.687109 0.183099 0.077344
9 0.728638 0.704297 0.114554 0.161719
17 0.725352 0.953906 0.132394 0.070312
39 0.465258 0.755859 0.173709 0.053906
22 0.464319 0.854688 0.130516 0.148438
42 0.238498 0.758594 0.118310 0.046875
26 0.228169 0.852734 0.161502 0.096094
39 0.244131 0.930859 0.150235 0.053906
3 0.095775 0.541016 0.137089 0.147656
39 0.247418 0.348828 0.194366 0.058594
9 0.087793 0.355469 0.123005 0.175000
39 0.432394 0.221875 0.186854 0.064062
0 0.251174 0.113281 0.156808 0.114062
22 0.441784 0.119141 0.126761 0.150781
