2 0.284375 0.075809 0.129688 0.097104
8 0.543750 0.066865 0.195312 0.089438
39 0.524609 0.157581 0.155469 0.071550
41 0.675000 0.243186 0.059375 0.097956
27 0.776172 0.236371 0.119531 0.162692
39 0.899609 0.169932 0.110156 0.074106
39 0.909375 0.413118 0.120313 0.088586
13 0.766797 0.434838 0.147656 0.089438
39 0.904297 0.598382 0.163281 0.082624
9 0.755469 0.622232 0.109375 0.189949
17 0.745703 0.909284 0.146094 0.096252
40 0.516016 0.682709 0.160156 0.067291
28 0.515234 0.799404 0.207031 0.145656
39 0.520312 0.929727 0.117188 0.058773
12 0.294922 0.793441 0.132031 0.154174
39 0.269922 0.926320 0.163281 0.067291
3 0.066016 0.629046 0.111719 0.149063
39 0.213672 0.339012 0.136719 0.066440
23 0.084375 0.352641 0.109375 0.161840
