13 0.484918 0.469184 0.079210 0.061053
17 0.482313 0.763021 0.087023 0.078125
19 0.786241 0.374132 0.048611 0.079861
24 0.629232 0.254485 0.097873 0.051794
3 0.784831 0.521991 0.055773 0.078125
30 0.190321 0.295284 0.030816 0.036169
31 0.776693 0.272280 0.031250 0.037037
32 0.779405 0.660880 0.025391 0.031250
33 0.190755 0.693142 0.026910 0.031539
37 0.483398 0.281105 0.036675 0.036169
38 0.480903 0.686198 0.029948 0.039641
5 0.183268 0.574653 0.087023 0.069444
8 0.345812 0.273727 0.090495 0.048611
