6 0.093424 0.122396 0.024957 0.044560
6 0.153320 0.118490 0.021918 0.045428
6 0.208550 0.118924 0.024306 0.044560
6 0.260417 0.116464 0.025174 0.052373
6 0.340495 0.109954 0.026476 0.050347
6 0.426975 0.109809 0.027127 0.050058
6 0.493815 0.106337 0.028429 0.055266
6 0.568576 0.107205 0.024740 0.053530
6 0.650825 0.106771 0.025608 0.050926
6 0.699870 0.106916 0.020833 0.049479
6 0.784397 0.111111 0.024523 0.054977
6 0.849175 0.103443 0.024306 0.051794
6 0.945312 0.292101 0.031684 0.070891
6 0.866536 0.293547 0.028212 0.069155
6 0.799588 0.291088 0.026259 0.074074
6 0.729818 0.292969 0.026476 0.074363
6 0.665365 0.293837 0.024740 0.068576
6 0.601345 0.291377 0.029080 0.068287
6 0.533529 0.289207 0.024089 0.065683
6 0.459635 0.286169 0.025174 0.071181
6 0.393663 0.287616 0.029080 0.068866
6 0.332682 0.283131 0.026476 0.063368
6 0.274957 0.280527 0.025608 0.058160
6 0.214518 0.283131 0.022352 0.052951
6 0.157335 0.282118 0.029514 0.061343
6 0.092773 0.280527 0.026693 0.058160
2 0.110786 0.418258 0.041016 0.040799
2 0.203234 0.413918 0.051432 0.042535
2 0.302626 0.406105 0.045790 0.041956
2 0.398438 0.401620 0.046875 0.048611
2 0.491319 0.397280 0.043837 0.046296
2 0.590169 0.395255 0.041884 0.045139
2 0.697266 0.394531 0.037760 0.046007
2 0.785916 0.391927 0.041450 0.040799
2 0.869792 0.394097 0.046007 0.041088
2 0.954970 0.394965 0.041884 0.046875
2 0.939887 0.518663 0.043403 0.043692
2 0.849067 0.517940 0.042752 0.041088
2 0.767470 0.519242 0.039280 0.043692
2 0.670030 0.523003 0.045356 0.051794
2 0.557183 0.527633 0.048394 0.049479
2 0.474175 0.528791 0.043403 0.048322
2 0.395291 0.530816 0.047960 0.047164
2 0.295247 0.537182 0.040148 0.039062
2 0.212457 0.547309 0.040799 0.041956
2 0.110569 0.552517 0.043186 0.047743
24 0.111003 0.697193 0.055773 0.036169
24 0.221354 0.691117 0.049045 0.037905
24 0.317166 0.682147 0.045356 0.037326
24 0.429470 0.676794 0.052517 0.031250
24 0.523655 0.665654 0.035590 0.040799
24 0.604384 0.662616 0.039931 0.029514
24 0.689128 0.651910 0.041016 0.037616
24 0.770399 0.648438 0.045573 0.028935
24 0.865668 0.639468 0.056858 0.033565
24 0.842231 0.757089 0.045139 0.035012
24 0.650499 0.769821 0.043186 0.035012
24 0.748589 0.765914 0.044054 0.038773
24 0.532227 0.781684 0.057075 0.035590
24 0.411133 0.798177 0.044488 0.033854
24 0.323893 0.808015 0.040582 0.039062
24 0.195095 0.824653 0.048177 0.035880
24 0.099826 0.829861 0.035590 0.038194
