9 0.74783 0.11414900000000006 0.069155 0.052517
9 0.562211 0.12283 0.061343 0.050347
9 0.403212 0.12315500000000001 0.05816 0.051432
9 0.26302099999999995 0.131293 0.065972 0.053385
8 0.06278899999999998 0.22460900000000006 0.056134 0.042535
8 0.061343000000000036 0.32204900000000003 0.056134 0.042535
8 0.07233800000000001 0.407227 0.056713 0.039714
8 0.06915499999999997 0.49707 0.064236 0.047526
8 0.06973399999999996 0.598958 0.061343 0.041667
11 0.20674199999999998 0.681207 0.059317 0.035156
11 0.332176 0.690972 0.064236 0.044271
11 0.455874 0.693142 0.063947 0.039931
11 0.595197 0.69553 0.063079 0.042101
11 0.743056 0.69987 0.063079 0.042101
10 0.864439 0.212457 0.047743 0.050781
10 0.868634 0.296115 0.054398 0.040148
10 0.888021 0.381185 0.056134 0.045356
10 0.883102 0.4663630000000001 0.060764 0.046875
10 0.875868 0.542426 0.060185 0.048828
10 0.884115 0.625109 0.056424 0.048828
15 0.78805 0.33506900000000006 0.070891 0.057726
15 0.784867 0.496853 0.067419 0.054905
15 0.16131399999999996 0.545247 0.065104 0.055339
14 0.47468200000000005 0.191623 0.092882 0.059028
14 0.327257 0.193685 0.076389 0.05013
14 0.394676 0.622504 0.076389 0.051866
14 0.642072 0.624457 0.074074 0.041884
17 0.788484 0.2522789999999999 0.058449 0.050998
17 0.13932299999999997 0.279188 0.055845 0.058811
17 0.150752 0.365668 0.060764 0.05816
17 0.784867 0.41015599999999997 0.059317 0.054688
17 0.15639500000000006 0.451063 0.054688 0.057075
17 0.779659 0.575412 0.061053 0.064887
16 0.652344 0.18999600000000005 0.096354 0.051432
16 0.18894699999999998 0.19129799999999997 0.064236 0.048828
16 0.2902199999999999 0.619032 0.072338 0.04579
16 0.52662 0.625109 0.085648 0.048828
