8 0.11414900000000006 0.25217 0.052517 0.069155
8 0.12283 0.437789 0.050347 0.061343
8 0.12315500000000001 0.596788 0.051432 0.05816
8 0.131293 0.736979 0.053385 0.065972
11 0.22460900000000006 0.937211 0.042535 0.056134
11 0.32204900000000003 0.938657 0.042535 0.056134
11 0.407227 0.927662 0.039714 0.056713
11 0.49707 0.930845 0.047526 0.064236
11 0.598958 0.930266 0.041667 0.061343
10 0.681207 0.793258 0.035156 0.059317
10 0.690972 0.667824 0.044271 0.064236
10 0.693142 0.544126 0.039931 0.063947
10 0.69553 0.404803 0.042101 0.063079
10 0.69987 0.25694399999999995 0.042101 0.063079
9 0.212457 0.13556100000000004 0.050781 0.047743
9 0.296115 0.13136599999999998 0.040148 0.054398
9 0.381185 0.11197900000000005 0.045356 0.056134
9 0.4663630000000001 0.11689799999999995 0.046875 0.060764
9 0.542426 0.12413200000000002 0.048828 0.060185
9 0.625109 0.11588500000000002 0.048828 0.056424
14 0.33506900000000006 0.21194999999999997 0.057726 0.070891
14 0.496853 0.21513300000000002 0.054905 0.067419
14 0.545247 0.838686 0.055339 0.065104
15 0.191623 0.525318 0.059028 0.092882
15 0.193685 0.672743 0.05013 0.076389
15 0.622504 0.605324 0.051866 0.076389
15 0.624457 0.357928 0.041884 0.074074
16 0.2522789999999999 0.21151600000000004 0.050998 0.058449
16 0.279188 0.860677 0.058811 0.055845
16 0.365668 0.849248 0.05816 0.060764
16 0.41015599999999997 0.21513300000000002 0.054688 0.059317
16 0.451063 0.8436049999999999 0.057075 0.054688
16 0.575412 0.220341 0.064887 0.061053
17 0.18999600000000005 0.34765599999999997 0.051432 0.096354
17 0.19129799999999997 0.811053 0.048828 0.064236
17 0.619032 0.7097800000000001 0.04579 0.072338
17 0.625109 0.47338 0.048828 0.085648
