10 0.903754 0.644531 0.061849 0.077257
10 0.892253 0.454861 0.065755 0.089699
9 0.799371 0.180411 0.059679 0.069155
9 0.676975 0.166522 0.058377 0.067419
9 0.559787 0.168113 0.054036 0.070602
9 0.41818599999999995 0.176649 0.052517 0.074942
9 0.32194 0.160735 0.049696 0.067419
8 0.22970900000000005 0.65191 0.042752 0.077546
8 0.22938400000000003 0.344329 0.042101 0.081019
8 0.22873299999999996 0.498553 0.053385 0.068287
11 0.8171660000000001 0.825666 0.062717 0.076678
11 0.664497 0.8193 0.046441 0.078993
11 0.559462 0.801215 0.042101 0.064236
11 0.45084599999999997 0.813368 0.036675 0.054398
11 0.303168 0.803241 0.041667 0.064815
14 0.759115 0.731771 0.061632 0.056713
14 0.625326 0.290654 0.060981 0.055845
15 0.8233509999999999 0.383247 0.044271 0.084201
15 0.823242 0.514902 0.044922 0.085938
15 0.304905 0.584925 0.046875 0.081308
15 0.303168 0.443432 0.043403 0.073785
16 0.724067 0.295862 0.059679 0.065683
16 0.606554 0.713686 0.057292 0.065683
16 0.504123 0.716146 0.069878 0.083912
16 0.46712200000000004 0.296296 0.068793 0.068287
16 0.39116799999999996 0.713108 0.067925 0.08015
16 0.36187100000000005 0.311053 0.070095 0.068287
