6 0.902127 0.349682 0.024306 0.039641
6 0.891819 0.438368 0.027127 0.041088
6 0.835612 0.348524 0.027127 0.036169
6 0.828451 0.433738 0.024523 0.036458
6 0.770833 0.345341 0.023003 0.032697
6 0.7608509999999999 0.433304 0.021267 0.042535
6 0.7140839999999999 0.341146 0.02322 0.034144
6 0.6973739999999999 0.426794 0.020616 0.038773
6 0.6450739999999999 0.335793 0.022786 0.036169
6 0.63954 0.422309 0.022569 0.039062
6 0.5838760000000001 0.331453 0.021484 0.035012
6 0.576714 0.422164 0.021918 0.043981
6 0.5202910000000001 0.328704 0.02322 0.033565
6 0.518229 0.416233 0.025174 0.041956
6 0.46224 0.329716 0.021701 0.038484
6 0.42664899999999994 0.412182 0.021267 0.036748
6 0.39431400000000005 0.329138 0.023438 0.037326
6 0.364692 0.408131 0.027561 0.038484
6 0.33680600000000005 0.327691 0.021267 0.033275
6 0.296658 0.407697 0.025608 0.039931
6 0.28385400000000005 0.326678 0.021701 0.034144
6 0.22753900000000005 0.41059 0.024523 0.04456
6 0.20041200000000003 0.328125 0.023655 0.039352
6 0.17263499999999998 0.409144 0.025391 0.039352
6 0.12988299999999997 0.333333 0.027995 0.037616
6 0.09776499999999999 0.407118 0.027127 0.041088
4 0.893663 0.175203 0.047743 0.032118
4 0.889757 0.248987 0.055556 0.030382
4 0.806098 0.250579 0.053168 0.031829
4 0.790799 0.177662 0.051215 0.030671
4 0.7277560000000001 0.25 0.050564 0.029514
4 0.699436 0.17853 0.053385 0.030093
4 0.64388 0.247541 0.052517 0.030382
4 0.611871 0.178964 0.045356 0.027488
4 0.562609 0.248553 0.049696 0.030093
4 0.52908 0.176939 0.045139 0.028646
4 0.47667099999999996 0.247396 0.048828 0.026042
4 0.44227399999999994 0.178385 0.048611 0.026331
4 0.39301200000000003 0.247541 0.050781 0.028067
4 0.35546900000000003 0.179543 0.050347 0.029225
4 0.30023900000000003 0.252315 0.057943 0.031829
4 0.25770400000000004 0.181134 0.047526 0.027778
4 0.20909299999999997 0.255932 0.053168 0.030961
4 0.18088099999999996 0.18967 0.04362 0.034433
4 0.116753 0.263889 0.050781 0.03588
4 0.09407600000000005 0.189959 0.050564 0.031539
