9 0.25217 0.114149 0.069155 0.052517
9 0.437789 0.12283 0.061343 0.050347
9 0.596788 0.123155 0.05816 0.051432
9 0.736979 0.131293 0.065972 0.053385
10 0.937211 0.224609 0.056134 0.042535
10 0.938657 0.322049 0.056134 0.042535
10 0.927662 0.407227 0.056713 0.039714
10 0.930845 0.49707 0.064236 0.047526
10 0.930266 0.598958 0.061343 0.041667
11 0.793258 0.681207 0.059317 0.035156
11 0.667824 0.690972 0.064236 0.044271
11 0.544126 0.693142 0.063947 0.039931
11 0.404803 0.69553 0.063079 0.042101
11 0.25694399999999995 0.69987 0.063079 0.042101
8 0.13556100000000004 0.212457 0.047743 0.050781
8 0.13136599999999998 0.296115 0.054398 0.040148
8 0.11197900000000005 0.381185 0.056134 0.045356
8 0.11689799999999995 0.466363 0.060764 0.046875
8 0.12413200000000002 0.542426 0.060185 0.048828
8 0.11588500000000002 0.625109 0.056424 0.048828
15 0.21194999999999997 0.335069 0.070891 0.057726
15 0.21513300000000002 0.496853 0.067419 0.054905
15 0.838686 0.545247 0.065104 0.055339
14 0.525318 0.191623 0.092882 0.059028
14 0.672743 0.193685 0.076389 0.05013
14 0.605324 0.622504 0.076389 0.051866
14 0.357928 0.624457 0.074074 0.041884
17 0.21151600000000004 0.252279 0.058449 0.050998
17 0.860677 0.279188 0.055845 0.058811
17 0.849248 0.365668 0.060764 0.05816
17 0.21513300000000002 0.410156 0.059317 0.054688
17 0.8436049999999999 0.451063 0.054688 0.057075
17 0.220341 0.575412 0.061053 0.064887
16 0.34765599999999997 0.189996 0.096354 0.051432
16 0.811053 0.191298 0.064236 0.048828
16 0.7097800000000001 0.619032 0.072338 0.04579
16 0.47338 0.625109 0.085648 0.048828
