6 0.097873 0.349682 0.024306 0.039641
6 0.108181 0.438368 0.027127 0.041088
6 0.164388 0.348524 0.027127 0.036169
6 0.171549 0.433738 0.024523 0.036458
6 0.229167 0.345341 0.023003 0.032697
6 0.239149 0.433304 0.021267 0.042535
6 0.285916 0.341146 0.02322 0.034144
6 0.302626 0.426794 0.020616 0.038773
6 0.354926 0.335793 0.022786 0.036169
6 0.36046 0.422309 0.022569 0.039062
6 0.416124 0.331453 0.021484 0.035012
6 0.423286 0.422164 0.021918 0.043981
6 0.479709 0.328704 0.02322 0.033565
6 0.481771 0.416233 0.025174 0.041956
6 0.53776 0.329716 0.021701 0.038484
6 0.573351 0.412182 0.021267 0.036748
6 0.605686 0.329138 0.023438 0.037326
6 0.635308 0.408131 0.027561 0.038484
6 0.663194 0.327691 0.021267 0.033275
6 0.703342 0.407697 0.025608 0.039931
6 0.716146 0.326678 0.021701 0.034144
6 0.772461 0.41059 0.024523 0.04456
6 0.799588 0.328125 0.023655 0.039352
6 0.827365 0.409144 0.025391 0.039352
6 0.870117 0.333333 0.027995 0.037616
6 0.902235 0.407118 0.027127 0.041088
4 0.106337 0.175203 0.047743 0.032118
4 0.110243 0.248987 0.055556 0.030382
4 0.193902 0.250579 0.053168 0.031829
4 0.209201 0.177662 0.051215 0.030671
4 0.272244 0.25 0.050564 0.029514
4 0.300564 0.17853 0.053385 0.030093
4 0.35612 0.247541 0.052517 0.030382
4 0.388129 0.178964 0.045356 0.027488
4 0.437391 0.248553 0.049696 0.030093
4 0.47092 0.176939 0.045139 0.028646
4 0.523329 0.247396 0.048828 0.026042
4 0.557726 0.178385 0.048611 0.026331
4 0.606988 0.247541 0.050781 0.028067
4 0.644531 0.179543 0.050347 0.029225
4 0.699761 0.252315 0.057943 0.031829
4 0.742296 0.181134 0.047526 0.027778
4 0.790907 0.255932 0.053168 0.030961
4 0.819119 0.18967 0.04362 0.034433
4 0.883247 0.263889 0.050781 0.03588
4 0.905924 0.189959 0.050564 0.031539
