7 0.650318 0.097873 0.039641 0.024306
7 0.561632 0.108181 0.041088 0.027127
7 0.6514759999999999 0.164388 0.036169 0.027127
7 0.566262 0.171549 0.036458 0.024523
7 0.654659 0.229167 0.032697 0.023003
7 0.566696 0.239149 0.042535 0.021267
7 0.658854 0.285916 0.034144 0.02322
7 0.573206 0.302626 0.038773 0.020616
7 0.664207 0.354926 0.036169 0.022786
7 0.577691 0.36046 0.039062 0.022569
7 0.668547 0.416124 0.035012 0.021484
7 0.577836 0.423286 0.043981 0.021918
7 0.671296 0.479709 0.033565 0.02322
7 0.5837669999999999 0.481771 0.041956 0.025174
7 0.670284 0.53776 0.038484 0.021701
7 0.587818 0.573351 0.036748 0.021267
7 0.6708620000000001 0.605686 0.037326 0.023438
7 0.591869 0.635308 0.038484 0.027561
7 0.672309 0.663194 0.033275 0.021267
7 0.592303 0.703342 0.039931 0.025608
7 0.673322 0.716146 0.034144 0.021701
7 0.58941 0.772461 0.04456 0.024523
7 0.671875 0.799588 0.039352 0.023655
7 0.590856 0.827365 0.039352 0.025391
7 0.666667 0.870117 0.037616 0.027995
7 0.592882 0.902235 0.041088 0.027127
5 0.824797 0.106337 0.032118 0.047743
5 0.7510129999999999 0.110243 0.030382 0.055556
5 0.749421 0.193902 0.031829 0.053168
5 0.822338 0.209201 0.030671 0.051215
5 0.75 0.272244 0.029514 0.050564
5 0.82147 0.300564 0.030093 0.053385
5 0.752459 0.35612 0.030382 0.052517
5 0.821036 0.388129 0.027488 0.045356
5 0.751447 0.437391 0.030093 0.049696
5 0.823061 0.47092 0.028646 0.045139
5 0.752604 0.523329 0.026042 0.048828
5 0.821615 0.557726 0.026331 0.048611
5 0.752459 0.606988 0.028067 0.050781
5 0.820457 0.644531 0.029225 0.050347
5 0.7476849999999999 0.699761 0.031829 0.057943
5 0.818866 0.742296 0.027778 0.047526
5 0.744068 0.790907 0.030961 0.053168
5 0.81033 0.819119 0.034433 0.04362
5 0.736111 0.883247 0.03588 0.050781
5 0.810041 0.905924 0.031539 0.050564
