9 0.35546900000000003 0.096246 0.077257 0.061849
9 0.545139 0.107747 0.089699 0.065755
10 0.819589 0.200629 0.069155 0.059679
10 0.8334779999999999 0.323025 0.067419 0.058377
10 0.831887 0.440213 0.070602 0.054036
10 0.8233509999999999 0.581814 0.074942 0.052517
10 0.839265 0.67806 0.067419 0.049696
11 0.34809 0.770291 0.077546 0.042752
11 0.655671 0.770616 0.081019 0.042101
11 0.501447 0.771267 0.068287 0.053385
8 0.174334 0.182834 0.076678 0.062717
8 0.18069999999999997 0.335503 0.078993 0.046441
8 0.198785 0.440538 0.064236 0.042101
8 0.18663200000000002 0.549154 0.054398 0.036675
8 0.19675900000000002 0.696832 0.064815 0.041667
15 0.26822900000000005 0.240885 0.056713 0.061632
15 0.709346 0.374674 0.055845 0.060981
14 0.616753 0.176649 0.084201 0.044271
14 0.48509800000000003 0.176758 0.085938 0.044922
14 0.41507499999999997 0.695095 0.081308 0.046875
14 0.556568 0.696832 0.073785 0.043403
17 0.7041379999999999 0.275933 0.065683 0.059679
17 0.28631399999999996 0.393446 0.065683 0.057292
17 0.28385400000000005 0.495877 0.083912 0.069878
17 0.703704 0.532878 0.068287 0.068793
17 0.28689200000000004 0.608832 0.08015 0.067925
17 0.688947 0.638129 0.068287 0.070095
