10 0.903754 0.35546900000000003 0.061849 0.077257
10 0.892253 0.545139 0.065755 0.089699
11 0.799371 0.819589 0.059679 0.069155
11 0.676975 0.8334779999999999 0.058377 0.067419
11 0.559787 0.831887 0.054036 0.070602
11 0.41818599999999995 0.8233509999999999 0.052517 0.074942
11 0.32194 0.839265 0.049696 0.067419
8 0.22970900000000005 0.34809 0.042752 0.077546
8 0.22938400000000003 0.655671 0.042101 0.081019
8 0.22873299999999996 0.501447 0.053385 0.068287
9 0.8171660000000001 0.174334 0.062717 0.076678
9 0.664497 0.18069999999999997 0.046441 0.078993
9 0.559462 0.198785 0.042101 0.064236
9 0.45084599999999997 0.18663200000000002 0.036675 0.054398
9 0.303168 0.19675900000000002 0.041667 0.064815
14 0.759115 0.26822900000000005 0.061632 0.056713
14 0.625326 0.709346 0.060981 0.055845
15 0.8233509999999999 0.616753 0.044271 0.084201
15 0.823242 0.48509800000000003 0.044922 0.085938
15 0.304905 0.41507499999999997 0.046875 0.081308
15 0.303168 0.556568 0.043403 0.073785
16 0.724067 0.7041379999999999 0.059679 0.065683
16 0.606554 0.28631399999999996 0.057292 0.065683
16 0.504123 0.28385400000000005 0.069878 0.083912
16 0.46712200000000004 0.703704 0.068793 0.068287
16 0.39116799999999996 0.28689200000000004 0.067925 0.08015
16 0.36187100000000005 0.688947 0.070095 0.068287
