8 0.114149 0.74783 0.052517 0.069155
8 0.12283 0.562211 0.050347 0.061343
8 0.123155 0.403212 0.051432 0.05816
8 0.131293 0.263021 0.053385 0.065972
9 0.224609 0.062789 0.042535 0.056134
9 0.322049 0.061343 0.042535 0.056134
9 0.407227 0.072338 0.039714 0.056713
9 0.49707 0.069155 0.047526 0.064236
9 0.598958 0.069734 0.041667 0.061343
10 0.681207 0.206742 0.035156 0.059317
10 0.690972 0.332176 0.044271 0.064236
10 0.693142 0.455874 0.039931 0.063947
10 0.69553 0.595197 0.042101 0.063079
10 0.69987 0.743056 0.042101 0.063079
11 0.212457 0.864439 0.050781 0.047743
11 0.296115 0.868634 0.040148 0.054398
11 0.381185 0.888021 0.045356 0.056134
11 0.466363 0.883102 0.046875 0.060764
11 0.542426 0.875868 0.048828 0.060185
11 0.625109 0.884115 0.048828 0.056424
14 0.335069 0.78805 0.057726 0.070891
14 0.496853 0.784867 0.054905 0.067419
14 0.545247 0.161314 0.055339 0.065104
15 0.191623 0.474682 0.059028 0.092882
15 0.193685 0.327257 0.05013 0.076389
15 0.622504 0.394676 0.051866 0.076389
15 0.624457 0.642072 0.041884 0.074074
16 0.252279 0.788484 0.050998 0.058449
16 0.279188 0.139323 0.058811 0.055845
16 0.365668 0.150752 0.05816 0.060764
16 0.410156 0.784867 0.054688 0.059317
16 0.451063 0.156395 0.057075 0.054688
16 0.575412 0.779659 0.064887 0.061053
17 0.189996 0.652344 0.051432 0.096354
17 0.191298 0.188947 0.048828 0.064236
17 0.619032 0.29022 0.04579 0.072338
17 0.625109 0.52662 0.048828 0.085648
