10 0.8858509999999999 0.25217 0.052517 0.069155
10 0.87717 0.437789 0.050347 0.061343
10 0.876845 0.596788 0.051432 0.05816
10 0.868707 0.736979 0.053385 0.065972
11 0.7753909999999999 0.937211 0.042535 0.056134
11 0.677951 0.938657 0.042535 0.056134
11 0.592773 0.927662 0.039714 0.056713
11 0.50293 0.930845 0.047526 0.064236
11 0.401042 0.930266 0.041667 0.061343
8 0.318793 0.793258 0.035156 0.059317
8 0.30902799999999997 0.667824 0.044271 0.064236
8 0.30685799999999996 0.544126 0.039931 0.063947
8 0.30447 0.404803 0.042101 0.063079
8 0.30013 0.25694399999999995 0.042101 0.063079
9 0.787543 0.13556100000000004 0.050781 0.047743
9 0.703885 0.13136599999999998 0.040148 0.054398
9 0.618815 0.11197900000000005 0.045356 0.056134
9 0.5336369999999999 0.11689799999999995 0.046875 0.060764
9 0.45757400000000004 0.12413200000000002 0.048828 0.060185
9 0.374891 0.11588500000000002 0.048828 0.056424
14 0.6649309999999999 0.21194999999999997 0.057726 0.070891
14 0.503147 0.21513300000000002 0.054905 0.067419
14 0.45475299999999996 0.838686 0.055339 0.065104
15 0.808377 0.525318 0.059028 0.092882
15 0.806315 0.672743 0.05013 0.076389
15 0.37749600000000005 0.605324 0.051866 0.076389
15 0.37554299999999996 0.357928 0.041884 0.074074
16 0.7477210000000001 0.21151600000000004 0.050998 0.058449
16 0.720812 0.860677 0.058811 0.055845
16 0.634332 0.849248 0.05816 0.060764
16 0.589844 0.21513300000000002 0.054688 0.059317
16 0.548937 0.8436049999999999 0.057075 0.054688
16 0.42458799999999997 0.220341 0.064887 0.061053
17 0.810004 0.34765599999999997 0.051432 0.096354
17 0.808702 0.811053 0.048828 0.064236
17 0.380968 0.7097800000000001 0.04579 0.072338
17 0.374891 0.47338 0.048828 0.085648
