6 0.902127 0.650318 0.024306 0.039641
6 0.891819 0.561632 0.027127 0.041088
6 0.835612 0.6514759999999999 0.027127 0.036169
6 0.828451 0.566262 0.024523 0.036458
6 0.770833 0.654659 0.023003 0.032697
6 0.7608509999999999 0.566696 0.021267 0.042535
6 0.7140839999999999 0.658854 0.02322 0.034144
6 0.6973739999999999 0.573206 0.020616 0.038773
6 0.6450739999999999 0.664207 0.022786 0.036169
6 0.63954 0.577691 0.022569 0.039062
6 0.5838760000000001 0.668547 0.021484 0.035012
6 0.576714 0.577836 0.021918 0.043981
6 0.5202910000000001 0.671296 0.02322 0.033565
6 0.518229 0.5837669999999999 0.025174 0.041956
6 0.46224 0.670284 0.021701 0.038484
6 0.42664899999999994 0.587818 0.021267 0.036748
6 0.39431400000000005 0.6708620000000001 0.023438 0.037326
6 0.364692 0.591869 0.027561 0.038484
6 0.33680600000000005 0.672309 0.021267 0.033275
6 0.296658 0.592303 0.025608 0.039931
6 0.28385400000000005 0.673322 0.021701 0.034144
6 0.22753900000000005 0.58941 0.024523 0.04456
6 0.20041200000000003 0.671875 0.023655 0.039352
6 0.17263499999999998 0.590856 0.025391 0.039352
6 0.12988299999999997 0.666667 0.027995 0.037616
6 0.09776499999999999 0.592882 0.027127 0.041088
4 0.893663 0.824797 0.047743 0.032118
4 0.889757 0.7510129999999999 0.055556 0.030382
4 0.806098 0.749421 0.053168 0.031829
4 0.790799 0.822338 0.051215 0.030671
4 0.7277560000000001 0.75 0.050564 0.029514
4 0.699436 0.82147 0.053385 0.030093
4 0.64388 0.752459 0.052517 0.030382
4 0.611871 0.821036 0.045356 0.027488
4 0.562609 0.751447 0.049696 0.030093
4 0.52908 0.823061 0.045139 0.028646
4 0.47667099999999996 0.752604 0.048828 0.026042
4 0.44227399999999994 0.821615 0.048611 0.026331
4 0.39301200000000003 0.752459 0.050781 0.028067
4 0.35546900000000003 0.820457 0.050347 0.029225
4 0.30023900000000003 0.7476849999999999 0.057943 0.031829
4 0.25770400000000004 0.818866 0.047526 0.027778
4 0.20909299999999997 0.744068 0.053168 0.030961
4 0.18088099999999996 0.81033 0.04362 0.034433
4 0.116753 0.736111 0.050781 0.03588
4 0.09407600000000005 0.810041 0.050564 0.031539
