7 0.650318 0.902127 0.039641 0.024306
7 0.561632 0.891819 0.041088 0.027127
7 0.6514759999999999 0.835612 0.036169 0.027127
7 0.566262 0.828451 0.036458 0.024523
7 0.654659 0.770833 0.032697 0.023003
7 0.566696 0.7608509999999999 0.042535 0.021267
7 0.658854 0.7140839999999999 0.034144 0.02322
7 0.573206 0.6973739999999999 0.038773 0.020616
7 0.664207 0.6450739999999999 0.036169 0.022786
7 0.577691 0.63954 0.039062 0.022569
7 0.668547 0.5838760000000001 0.035012 0.021484
7 0.577836 0.576714 0.043981 0.021918
7 0.671296 0.5202910000000001 0.033565 0.02322
7 0.5837669999999999 0.518229 0.041956 0.025174
7 0.670284 0.46224 0.038484 0.021701
7 0.587818 0.42664899999999994 0.036748 0.021267
7 0.6708620000000001 0.39431400000000005 0.037326 0.023438
7 0.591869 0.364692 0.038484 0.027561
7 0.672309 0.33680600000000005 0.033275 0.021267
7 0.592303 0.296658 0.039931 0.025608
7 0.673322 0.28385400000000005 0.034144 0.021701
7 0.58941 0.22753900000000005 0.04456 0.024523
7 0.671875 0.20041200000000003 0.039352 0.023655
7 0.590856 0.17263499999999998 0.039352 0.025391
7 0.666667 0.12988299999999997 0.037616 0.027995
7 0.592882 0.09776499999999999 0.041088 0.027127
5 0.824797 0.893663 0.032118 0.047743
5 0.7510129999999999 0.889757 0.030382 0.055556
5 0.749421 0.806098 0.031829 0.053168
5 0.822338 0.790799 0.030671 0.051215
5 0.75 0.7277560000000001 0.029514 0.050564
5 0.82147 0.699436 0.030093 0.053385
5 0.752459 0.64388 0.030382 0.052517
5 0.821036 0.611871 0.027488 0.045356
5 0.751447 0.562609 0.030093 0.049696
5 0.823061 0.52908 0.028646 0.045139
5 0.752604 0.47667099999999996 0.026042 0.048828
5 0.821615 0.44227399999999994 0.026331 0.048611
5 0.752459 0.39301200000000003 0.028067 0.050781
5 0.820457 0.35546900000000003 0.029225 0.050347
5 0.7476849999999999 0.30023900000000003 0.031829 0.057943
5 0.818866 0.25770400000000004 0.027778 0.047526
5 0.744068 0.20909299999999997 0.030961 0.053168
5 0.81033 0.18088099999999996 0.034433 0.04362
5 0.736111 0.116753 0.03588 0.050781
5 0.810041 0.09407600000000005 0.031539 0.050564
