9 0.644531 0.09624600000000005 0.077257 0.061849
9 0.45486099999999996 0.10774700000000004 0.089699 0.065755
8 0.180411 0.20062899999999995 0.069155 0.059679
8 0.16652200000000006 0.323025 0.067419 0.058377
8 0.16811299999999996 0.44021299999999997 0.070602 0.054036
8 0.17664900000000006 0.581814 0.074942 0.052517
8 0.16073499999999996 0.67806 0.067419 0.049696
11 0.65191 0.770291 0.077546 0.042752
11 0.344329 0.770616 0.081019 0.042101
11 0.498553 0.771267 0.068287 0.053385
10 0.825666 0.18283399999999994 0.076678 0.062717
10 0.8193 0.335503 0.078993 0.046441
10 0.801215 0.440538 0.064236 0.042101
10 0.813368 0.549154 0.054398 0.036675
10 0.803241 0.696832 0.064815 0.041667
15 0.731771 0.24088500000000002 0.056713 0.061632
15 0.29065399999999997 0.37467399999999995 0.055845 0.060981
14 0.383247 0.17664900000000006 0.084201 0.044271
14 0.514902 0.17675799999999997 0.085938 0.044922
14 0.584925 0.695095 0.081308 0.046875
14 0.44343200000000005 0.696832 0.073785 0.043403
17 0.29586200000000007 0.275933 0.065683 0.059679
17 0.713686 0.39344599999999996 0.065683 0.057292
17 0.716146 0.495877 0.083912 0.069878
17 0.296296 0.532878 0.068287 0.068793
17 0.713108 0.608832 0.08015 0.067925
17 0.311053 0.638129 0.068287 0.070095
