10 0.8858509999999999 0.74783 0.052517 0.069155
10 0.87717 0.562211 0.050347 0.061343
10 0.876845 0.403212 0.051432 0.05816
10 0.868707 0.263021 0.053385 0.065972
9 0.7753909999999999 0.062789 0.042535 0.056134
9 0.677951 0.061343 0.042535 0.056134
9 0.592773 0.072338 0.039714 0.056713
9 0.50293 0.069155 0.047526 0.064236
9 0.401042 0.069734 0.041667 0.061343
8 0.318793 0.206742 0.035156 0.059317
8 0.30902799999999997 0.332176 0.044271 0.064236
8 0.30685799999999996 0.455874 0.039931 0.063947
8 0.30447 0.595197 0.042101 0.063079
8 0.30013 0.743056 0.042101 0.063079
11 0.787543 0.864439 0.050781 0.047743
11 0.703885 0.868634 0.040148 0.054398
11 0.618815 0.888021 0.045356 0.056134
11 0.5336369999999999 0.883102 0.046875 0.060764
11 0.45757400000000004 0.875868 0.048828 0.060185
11 0.374891 0.884115 0.048828 0.056424
14 0.6649309999999999 0.78805 0.057726 0.070891
14 0.503147 0.784867 0.054905 0.067419
14 0.45475299999999996 0.161314 0.055339 0.065104
15 0.808377 0.474682 0.059028 0.092882
15 0.806315 0.327257 0.05013 0.076389
15 0.37749600000000005 0.394676 0.051866 0.076389
15 0.37554299999999996 0.642072 0.041884 0.074074
16 0.7477210000000001 0.788484 0.050998 0.058449
16 0.720812 0.139323 0.058811 0.055845
16 0.634332 0.150752 0.05816 0.060764
16 0.589844 0.784867 0.054688 0.059317
16 0.548937 0.156395 0.057075 0.054688
16 0.42458799999999997 0.779659 0.064887 0.061053
17 0.810004 0.652344 0.051432 0.096354
17 0.808702 0.188947 0.048828 0.064236
17 0.380968 0.29022 0.04579 0.072338
17 0.374891 0.52662 0.048828 0.085648
