7 0.34968200000000005 0.902127 0.039641 0.024306
7 0.438368 0.891819 0.041088 0.027127
7 0.34852400000000006 0.835612 0.036169 0.027127
7 0.43373799999999996 0.828451 0.036458 0.024523
7 0.345341 0.770833 0.032697 0.023003
7 0.433304 0.7608509999999999 0.042535 0.021267
7 0.34114599999999995 0.7140839999999999 0.034144 0.02322
7 0.426794 0.6973739999999999 0.038773 0.020616
7 0.335793 0.6450739999999999 0.036169 0.022786
7 0.42230900000000005 0.63954 0.039062 0.022569
7 0.331453 0.5838760000000001 0.035012 0.021484
7 0.422164 0.576714 0.043981 0.021918
7 0.328704 0.5202910000000001 0.033565 0.02322
7 0.4162330000000001 0.518229 0.041956 0.025174
7 0.329716 0.46224 0.038484 0.021701
7 0.41218200000000005 0.42664899999999994 0.036748 0.021267
7 0.32913799999999993 0.39431400000000005 0.037326 0.023438
7 0.408131 0.364692 0.038484 0.027561
7 0.32769099999999995 0.33680600000000005 0.033275 0.021267
7 0.407697 0.296658 0.039931 0.025608
7 0.326678 0.28385400000000005 0.034144 0.021701
7 0.41059 0.22753900000000005 0.04456 0.024523
7 0.328125 0.20041200000000003 0.039352 0.023655
7 0.40914399999999995 0.17263499999999998 0.039352 0.025391
7 0.333333 0.12988299999999997 0.037616 0.027995
7 0.407118 0.09776499999999999 0.041088 0.027127
5 0.175203 0.893663 0.032118 0.047743
5 0.24898700000000007 0.889757 0.030382 0.055556
5 0.250579 0.806098 0.031829 0.053168
5 0.177662 0.790799 0.030671 0.051215
5 0.25 0.7277560000000001 0.029514 0.050564
5 0.17852999999999997 0.699436 0.030093 0.053385
5 0.247541 0.64388 0.030382 0.052517
5 0.178964 0.611871 0.027488 0.045356
5 0.24855300000000002 0.562609 0.030093 0.049696
5 0.17693899999999996 0.52908 0.028646 0.045139
5 0.24739599999999995 0.47667099999999996 0.026042 0.048828
5 0.17838500000000002 0.44227399999999994 0.026331 0.048611
5 0.247541 0.39301200000000003 0.028067 0.050781
5 0.179543 0.35546900000000003 0.029225 0.050347
5 0.25231500000000007 0.30023900000000003 0.031829 0.057943
5 0.18113400000000002 0.25770400000000004 0.027778 0.047526
5 0.25593200000000005 0.20909299999999997 0.030961 0.053168
5 0.18967 0.18088099999999996 0.034433 0.04362
5 0.26388900000000004 0.116753 0.03588 0.050781
5 0.189959 0.09407600000000005 0.031539 0.050564
