11 0.25217 0.8858509999999999 0.069155 0.052517
11 0.437789 0.87717 0.061343 0.050347
11 0.596788 0.876845 0.05816 0.051432
11 0.736979 0.868707 0.065972 0.053385
10 0.937211 0.7753909999999999 0.056134 0.042535
10 0.938657 0.677951 0.056134 0.042535
10 0.927662 0.592773 0.056713 0.039714
10 0.930845 0.50293 0.064236 0.047526
10 0.930266 0.401042 0.061343 0.041667
9 0.793258 0.318793 0.059317 0.035156
9 0.667824 0.30902799999999997 0.064236 0.044271
9 0.544126 0.30685799999999996 0.063947 0.039931
9 0.404803 0.30447 0.063079 0.042101
9 0.25694399999999995 0.30013 0.063079 0.042101
8 0.13556100000000004 0.787543 0.047743 0.050781
8 0.13136599999999998 0.703885 0.054398 0.040148
8 0.11197900000000005 0.618815 0.056134 0.045356
8 0.11689799999999995 0.5336369999999999 0.060764 0.046875
8 0.12413200000000002 0.45757400000000004 0.060185 0.048828
8 0.11588500000000002 0.374891 0.056424 0.048828
15 0.21194999999999997 0.6649309999999999 0.070891 0.057726
15 0.21513300000000002 0.503147 0.067419 0.054905
15 0.838686 0.45475299999999996 0.065104 0.055339
14 0.525318 0.808377 0.092882 0.059028
14 0.672743 0.806315 0.076389 0.05013
14 0.605324 0.37749600000000005 0.076389 0.051866
14 0.357928 0.37554299999999996 0.074074 0.041884
17 0.21151600000000004 0.7477210000000001 0.058449 0.050998
17 0.860677 0.720812 0.055845 0.058811
17 0.849248 0.634332 0.060764 0.05816
17 0.21513300000000002 0.589844 0.059317 0.054688
17 0.8436049999999999 0.548937 0.054688 0.057075
17 0.220341 0.42458799999999997 0.061053 0.064887
16 0.34765599999999997 0.810004 0.096354 0.051432
16 0.811053 0.808702 0.064236 0.048828
16 0.7097800000000001 0.380968 0.072338 0.04579
16 0.47338 0.374891 0.085648 0.048828
