7 0.605035 0.386502 0.120949 0.065972
6 0.480035 0.208225 0.081597 0.098307
1 0.866898 0.640299 0.119792 0.10395
13 0.606916 0.5660810000000001 0.097512 0.103516
12 0.6854750000000001 0.19911 0.181713 0.072266
15 0.309462 0.40147600000000006 0.127025 0.105035
17 0.30280700000000005 0.5814889999999999 0.157118 0.13954
16 0.45413800000000004 0.32638900000000004 0.116609 0.078993
0 0.6840280000000001 0.756185 0.155093 0.095269
5 0.8592299999999999 0.43294299999999997 0.081887 0.126302
4 0.478009 0.7420789999999999 0.131366 0.07487
