8 0.198242 0.479311 0.035807 0.037905
8 0.204319 0.411169 0.046658 0.052662
8 0.206055 0.33695 0.037543 0.046007
8 0.230252 0.717593 0.039497 0.055556
8 0.231879 0.577691 0.037543 0.055845
9 0.397352 0.622975 0.039062 0.047454
9 0.403754 0.224826 0.047526 0.052662
9 0.519314 0.21875 0.049479 0.052662
9 0.651693 0.217014 0.05599 0.052662
9 0.774523 0.222656 0.051215 0.051794
10 0.83138 0.674769 0.036458 0.046296
10 0.831706 0.563513 0.034939 0.050058
10 0.833116 0.789352 0.03559 0.056713
10 0.841254 0.445891 0.035373 0.050926
10 0.843859 0.305122 0.042752 0.046586
11 0.314887 0.87717 0.050781 0.065683
11 0.35395 0.532697 0.042969 0.04919
11 0.427951 0.866175 0.042969 0.043692
11 0.469618 0.533131 0.046875 0.063947
11 0.510525 0.73452 0.036241 0.041956
11 0.514214 0.8682 0.041884 0.047743
11 0.595378 0.532263 0.048394 0.050637
11 0.615668 0.742477 0.038194 0.04456
11 0.626845 0.880787 0.048394 0.050926
11 0.716037 0.530093 0.040582 0.047454
11 0.741753 0.889757 0.052951 0.042824
12 0.33724 0.300203 0.068576 0.041956
12 0.376628 0.794271 0.067925 0.038773
12 0.409831 0.445602 0.067057 0.048611
12 0.456272 0.298756 0.070964 0.044271
12 0.460286 0.670139 0.070747 0.042824
12 0.472114 0.805411 0.054036 0.043692
12 0.531576 0.444734 0.063585 0.046875
12 0.559787 0.676215 0.069661 0.041088
12 0.568359 0.823061 0.067708 0.041956
12 0.594293 0.294271 0.071832 0.042824
12 0.657769 0.447917 0.076389 0.045718
12 0.673937 0.680845 0.073134 0.04456
12 0.677083 0.827257 0.067274 0.042824
12 0.709418 0.29485 0.065104 0.041088
13 0.288194 0.519097 0.03125 0.074074
13 0.29069 0.651042 0.033637 0.081019
13 0.775716 0.624421 0.030599 0.070602
13 0.775825 0.737269 0.032118 0.082176
13 0.778646 0.510127 0.034722 0.078704
13 0.779948 0.387008 0.032118 0.074942
