3 0.14713500000000002 0.566117 0.039497 0.077257
3 0.31803399999999993 0.351128 0.027561 0.0489
3 0.636393 0.608073 0.040582 0.063368
3 0.638238 0.534578 0.032986 0.063368
3 0.639323 0.456163 0.030816 0.066262
3 0.642578 0.37601300000000004 0.034722 0.039641
6 0.363498 0.29861099999999996 0.026042 0.040509
7 0.31033 0.533131 0.036892 0.029803
7 0.312283 0.481916 0.038628 0.031539
7 0.31499600000000005 0.40842 0.035373 0.027488
8 0.08431 0.62963 0.04145 0.048032
8 0.2523869999999999 0.29369199999999995 0.026042 0.03588
8 0.258355 0.6728879999999999 0.023655 0.038484
8 0.25868099999999994 0.569878 0.02474 0.030961
8 0.27170099999999997 0.440538 0.028212 0.038484
11 0.44813400000000003 0.729456 0.036458 0.031829
11 0.606554 0.721644 0.025608 0.039352
11 0.712674 0.726273 0.030382 0.043403
10 0.784288 0.296875 0.02474 0.045139
9 0.31521299999999997 0.24869799999999997 0.039714 0.030382
9 0.4855689999999999 0.241464 0.025391 0.034433
9 0.734918 0.23292800000000002 0.036675 0.034144
2 0.558919 0.688368 0.043186 0.032407
2 0.64898 0.686632 0.040582 0.032407
12 0.18218299999999998 0.340422 0.049696 0.032697
12 0.35753 0.675637 0.047092 0.021991
12 0.417643 0.681424 0.042318 0.024884
12 0.435655 0.300926 0.060547 0.03125
12 0.49045099999999997 0.6885129999999999 0.049913 0.034433
13 0.150065 0.407552 0.024089 0.067419
13 0.38444 0.415365 0.027561 0.068576
13 0.38737 0.505208 0.02691 0.076389
13 0.38780400000000004 0.330874 0.023438 0.050637
13 0.3940969999999999 0.5927370000000001 0.030816 0.067419
13 0.727539 0.43402799999999997 0.01888 0.074653
13 0.731554 0.351997 0.016493 0.055845
14 0.683594 0.29730900000000005 0.039931 0.034433
15 0.725477 0.525752 0.02691 0.054398
16 0.611437 0.29861099999999996 0.040582 0.03588
17 0.718316 0.595486 0.03342 0.067708
1 0.517144 0.475116 0.037326 0.07581
1 0.524197 0.551505 0.032335 0.060764
1 0.525174 0.634115 0.036892 0.062789
4 0.523546 0.298756 0.048394 0.024595
5 0.14908900000000003 0.48234999999999995 0.020833 0.064236
5 0.306315 0.607205 0.017578 0.055845
5 0.513238 0.38744199999999995 0.027778 0.068866
