7 0.394965 0.613498 0.120949 0.065972
6 0.519965 0.791775 0.081597 0.098307
3 0.13310200000000005 0.35970100000000005 0.119792 0.10395
13 0.393084 0.43391899999999994 0.097512 0.103516
12 0.31452499999999994 0.80089 0.181713 0.072266
15 0.690538 0.598524 0.127025 0.105035
17 0.697193 0.4185110000000001 0.157118 0.13954
16 0.545862 0.673611 0.116609 0.078993
2 0.3159719999999999 0.243815 0.155093 0.095269
5 0.14077000000000006 0.567057 0.081887 0.126302
4 0.521991 0.25792100000000007 0.131366 0.07487
