2 0.597512 0.686632 0.073495 0.038194
2 0.638021 0.20182299999999997 0.055556 0.040365
2 0.5691550000000001 0.197917 0.0625 0.027344
2 0.49117500000000003 0.19618100000000005 0.064525 0.027778
2 0.412037 0.19205700000000003 0.059028 0.028646
7 0.33477999999999997 0.467773 0.036458 0.02322
6 0.5648150000000001 0.522135 0.031829 0.03776
6 0.514323 0.5202910000000001 0.030382 0.036241
6 0.44068300000000005 0.515842 0.028356 0.035156
11 0.654803 0.746962 0.054398 0.041233
11 0.325666 0.578016 0.032697 0.033203
11 0.699797 0.5736760000000001 0.040799 0.022786
11 0.597656 0.572049 0.029803 0.02691
11 0.470052 0.559787 0.037326 0.02322
10 0.7568 0.38682700000000003 0.033275 0.034939
10 0.749132 0.231228 0.037616 0.027127
10 0.7553529999999999 0.12565099999999996 0.041956 0.030816
9 0.336082 0.05121500000000001 0.043113 0.02474
8 0.28414399999999995 0.512587 0.031829 0.039497
8 0.278791 0.34407600000000005 0.029225 0.026693
8 0.273582 0.09950099999999995 0.032697 0.035807
1 0.717303 0.277127 0.030093 0.041233
1 0.7152780000000001 0.18760900000000003 0.027778 0.04145
13 0.37123799999999996 0.6493059999999999 0.034144 0.049045
13 0.703704 0.47547700000000004 0.019676 0.049045
13 0.7097800000000001 0.41428 0.024306 0.047309
13 0.336082 0.39301200000000003 0.025752 0.065972
13 0.717303 0.34494400000000003 0.031829 0.05013
12 0.43735500000000005 0.683594 0.063947 0.021701
12 0.45052099999999995 0.448025 0.063657 0.02322
12 0.540654 0.44444399999999995 0.070891 0.021701
12 0.6218170000000001 0.43988700000000003 0.065394 0.02474
12 0.47092 0.10991799999999996 0.07147 0.015408
12 0.390625 0.10514299999999999 0.054398 0.017144
15 0.336082 0.152235 0.033275 0.03928
14 0.559896 0.11295599999999995 0.053241 0.022352
17 0.33709500000000003 0.22265599999999997 0.032986 0.038628
16 0.626736 0.12087700000000001 0.053819 0.034722
0 0.5069440000000001 0.31488700000000003 0.072338 0.038194
0 0.5850690000000001 0.30957 0.06713 0.031901
0 0.6630499999999999 0.309245 0.055845 0.039497
5 0.33593799999999996 0.307075 0.027199 0.046441
4 0.510995 0.6829430000000001 0.061921 0.021701
4 0.635561 0.5256080000000001 0.05816 0.016059
4 0.42288800000000004 0.318468 0.067419 0.025825
