2 0.416377 0.889648 0.074074 0.042752
2 0.20225700000000002 0.719727 0.045139 0.02322
2 0.44719299999999995 0.40657600000000005 0.059317 0.038845
2 0.299334 0.405165 0.064525 0.027778
2 0.378328 0.404188 0.061632 0.037543
2 0.221209 0.40191 0.058738 0.026476
7 0.14843799999999996 0.676107 0.036458 0.026693
6 0.37963 0.727322 0.030093 0.036675
6 0.32884800000000003 0.7253689999999999 0.029803 0.037977
6 0.257957 0.724175 0.033854 0.036024
11 0.47569399999999995 0.949436 0.050347 0.047743
11 0.14351899999999995 0.786784 0.035301 0.027995
11 0.41493100000000005 0.77691 0.032986 0.025608
11 0.517072 0.776693 0.040509 0.022569
11 0.28689200000000004 0.766602 0.037905 0.02322
10 0.5713250000000001 0.589844 0.031539 0.036024
10 0.5601849999999999 0.436523 0.032986 0.019748
10 0.562789 0.33138 0.043981 0.028646
9 0.142216 0.26508200000000004 0.04485 0.024089
8 0.09852399999999994 0.7235240000000001 0.033275 0.037326
8 0.09186899999999998 0.556424 0.029803 0.02691
8 0.07899299999999998 0.31391100000000005 0.033565 0.034939
1 0.5267649999999999 0.48253 0.032697 0.039714
1 0.523727 0.39203600000000005 0.029514 0.040582
13 0.19140599999999997 0.857205 0.033854 0.050781
13 0.518663 0.680013 0.02228 0.046658
13 0.5222800000000001 0.619683 0.02662 0.044488
13 0.148872 0.6038410000000001 0.030961 0.060981
13 0.530527 0.549913 0.029803 0.046875
12 0.256366 0.888238 0.070602 0.026042
12 0.264034 0.655924 0.066262 0.023655
12 0.18069999999999997 0.653646 0.051794 0.022135
12 0.350839 0.651042 0.081308 0.025174
12 0.436053 0.643338 0.067708 0.031467
12 0.27748799999999996 0.31901 0.07581 0.015625
12 0.197338 0.31608099999999995 0.054398 0.016276
15 0.14293999999999996 0.363607 0.034144 0.03928
14 0.365885 0.32118100000000005 0.050637 0.026476
17 0.14510999999999996 0.434245 0.034433 0.038628
16 0.43402799999999997 0.32541200000000003 0.061921 0.031901
0 0.319589 0.5234380000000001 0.069155 0.036024
0 0.39843799999999996 0.516927 0.072917 0.03776
0 0.476997 0.515408 0.037905 0.039062
5 0.14568899999999996 0.518338 0.02691 0.045356
4 0.332465 0.888889 0.059606 0.026042
4 0.453414 0.729384 0.05787 0.017361
4 0.233796 0.5278860000000001 0.065394 0.025391
