6 0.613498 0.605035 0.065972 0.120949
7 0.791775 0.480035 0.098307 0.081597
2 0.35970100000000005 0.866898 0.10395 0.119792
12 0.43391899999999994 0.606916 0.103516 0.097512
13 0.80089 0.6854750000000001 0.072266 0.181713
14 0.598524 0.309462 0.105035 0.127025
16 0.4185110000000001 0.30280700000000005 0.13954 0.157118
17 0.673611 0.45413800000000004 0.078993 0.116609
1 0.243815 0.6840280000000001 0.095269 0.155093
4 0.567057 0.8592299999999999 0.126302 0.081887
5 0.25792100000000007 0.478009 0.07487 0.131366
