0 0.583623 0.110352 0.074074 0.042752
0 0.797743 0.280273 0.045139 0.02322
0 0.552807 0.593424 0.059317 0.038845
0 0.700666 0.594835 0.064525 0.027778
0 0.621672 0.595812 0.061632 0.037543
0 0.778791 0.59809 0.058738 0.026476
7 0.851562 0.323893 0.036458 0.026693
6 0.62037 0.272678 0.030093 0.036675
6 0.671152 0.27463100000000007 0.029803 0.037977
6 0.742043 0.275825 0.033854 0.036024
9 0.524306 0.05056400000000005 0.050347 0.047743
9 0.856481 0.21321599999999996 0.035301 0.027995
9 0.585069 0.22309 0.032986 0.025608
9 0.482928 0.22330700000000003 0.040509 0.022569
9 0.713108 0.233398 0.037905 0.02322
8 0.4286749999999999 0.41015599999999997 0.031539 0.036024
8 0.43981500000000007 0.563477 0.032986 0.019748
8 0.437211 0.66862 0.043981 0.028646
11 0.857784 0.734918 0.04485 0.024089
10 0.901476 0.27647599999999994 0.033275 0.037326
10 0.908131 0.44357599999999997 0.029803 0.02691
10 0.921007 0.686089 0.033565 0.034939
3 0.4732350000000001 0.51747 0.032697 0.039714
3 0.47627299999999995 0.607964 0.029514 0.040582
13 0.808594 0.142795 0.033854 0.050781
13 0.481337 0.319987 0.02228 0.046658
13 0.4777199999999999 0.380317 0.02662 0.044488
13 0.851128 0.39615899999999993 0.030961 0.060981
13 0.46947300000000003 0.450087 0.029803 0.046875
12 0.743634 0.11176200000000003 0.070602 0.026042
12 0.735966 0.34407600000000005 0.066262 0.023655
12 0.8193 0.34635400000000005 0.051794 0.022135
12 0.649161 0.348958 0.081308 0.025174
12 0.563947 0.35666200000000003 0.067708 0.031467
12 0.722512 0.68099 0.07581 0.015625
12 0.802662 0.683919 0.054398 0.016276
15 0.85706 0.636393 0.034144 0.03928
14 0.634115 0.678819 0.050637 0.026476
17 0.85489 0.565755 0.034433 0.038628
16 0.565972 0.674588 0.061921 0.031901
2 0.680411 0.47656199999999993 0.069155 0.036024
2 0.601562 0.483073 0.072917 0.03776
2 0.523003 0.484592 0.037905 0.039062
5 0.854311 0.48166200000000003 0.02691 0.045356
4 0.667535 0.11111099999999996 0.059606 0.026042
4 0.546586 0.27061599999999997 0.05787 0.017361
4 0.766204 0.4721139999999999 0.065394 0.025391
