1 0.147135 0.433883 0.039497 0.077257
1 0.318034 0.648872 0.027561 0.0489
1 0.636393 0.391927 0.040582 0.063368
1 0.638238 0.465422 0.032986 0.063368
1 0.639323 0.543837 0.030816 0.066262
1 0.642578 0.623987 0.034722 0.039641
6 0.363498 0.701389 0.026042 0.040509
7 0.31033 0.466869 0.036892 0.029803
7 0.312283 0.518084 0.038628 0.031539
7 0.314996 0.59158 0.035373 0.027488
8 0.08431 0.37037 0.04145 0.048032
8 0.252387 0.706308 0.026042 0.03588
8 0.258355 0.327112 0.023655 0.038484
8 0.258681 0.430122 0.02474 0.030961
8 0.271701 0.559462 0.028212 0.038484
9 0.448134 0.270544 0.036458 0.031829
9 0.606554 0.278356 0.025608 0.039352
9 0.712674 0.273727 0.030382 0.043403
10 0.784288 0.703125 0.02474 0.045139
11 0.315213 0.751302 0.039714 0.030382
11 0.485569 0.758536 0.025391 0.034433
11 0.734918 0.767072 0.036675 0.034144
2 0.558919 0.311632 0.043186 0.032407
2 0.64898 0.313368 0.040582 0.032407
12 0.182183 0.659578 0.049696 0.032697
12 0.35753 0.324363 0.047092 0.021991
12 0.417643 0.318576 0.042318 0.024884
12 0.435655 0.699074 0.060547 0.03125
12 0.490451 0.311487 0.049913 0.034433
13 0.150065 0.592448 0.024089 0.067419
13 0.38444 0.584635 0.027561 0.068576
13 0.38737 0.494792 0.02691 0.076389
13 0.387804 0.669126 0.023438 0.050637
13 0.394097 0.407263 0.030816 0.067419
13 0.727539 0.565972 0.01888 0.074653
13 0.731554 0.648003 0.016493 0.055845
14 0.683594 0.702691 0.039931 0.034433
15 0.725477 0.474248 0.02691 0.054398
16 0.611437 0.701389 0.040582 0.03588
17 0.718316 0.404514 0.03342 0.067708
3 0.517144 0.524884 0.037326 0.07581
3 0.524197 0.448495 0.032335 0.060764
3 0.525174 0.365885 0.036892 0.062789
4 0.523546 0.701244 0.048394 0.024595
5 0.149089 0.51765 0.020833 0.064236
5 0.306315 0.392795 0.017578 0.055845
5 0.513238 0.612558 0.027778 0.068866
