2 0.416377 0.110352 0.074074 0.042752
2 0.20225700000000002 0.280273 0.045139 0.02322
2 0.44719299999999995 0.593424 0.059317 0.038845
2 0.299334 0.594835 0.064525 0.027778
2 0.378328 0.595812 0.061632 0.037543
2 0.221209 0.59809 0.058738 0.026476
7 0.14843799999999996 0.323893 0.036458 0.026693
6 0.37963 0.272678 0.030093 0.036675
6 0.32884800000000003 0.274631 0.029803 0.037977
6 0.257957 0.275825 0.033854 0.036024
9 0.47569399999999995 0.050564 0.050347 0.047743
9 0.14351899999999995 0.213216 0.035301 0.027995
9 0.41493100000000005 0.22309 0.032986 0.025608
9 0.517072 0.223307 0.040509 0.022569
9 0.28689200000000004 0.233398 0.037905 0.02322
10 0.5713250000000001 0.410156 0.031539 0.036024
10 0.5601849999999999 0.563477 0.032986 0.019748
10 0.562789 0.66862 0.043981 0.028646
11 0.142216 0.734918 0.04485 0.024089
8 0.09852399999999994 0.276476 0.033275 0.037326
8 0.09186899999999998 0.443576 0.029803 0.02691
8 0.07899299999999998 0.686089 0.033565 0.034939
3 0.5267649999999999 0.51747 0.032697 0.039714
3 0.523727 0.607964 0.029514 0.040582
13 0.19140599999999997 0.142795 0.033854 0.050781
13 0.518663 0.319987 0.02228 0.046658
13 0.5222800000000001 0.380317 0.02662 0.044488
13 0.148872 0.396159 0.030961 0.060981
13 0.530527 0.450087 0.029803 0.046875
12 0.256366 0.111762 0.070602 0.026042
12 0.264034 0.344076 0.066262 0.023655
12 0.18069999999999997 0.346354 0.051794 0.022135
12 0.350839 0.348958 0.081308 0.025174
12 0.436053 0.356662 0.067708 0.031467
12 0.27748799999999996 0.68099 0.07581 0.015625
12 0.197338 0.683919 0.054398 0.016276
15 0.14293999999999996 0.636393 0.034144 0.03928
14 0.365885 0.678819 0.050637 0.026476
17 0.14510999999999996 0.565755 0.034433 0.038628
16 0.43402799999999997 0.674588 0.061921 0.031901
0 0.319589 0.476562 0.069155 0.036024
0 0.39843799999999996 0.483073 0.072917 0.03776
0 0.476997 0.484592 0.037905 0.039062
5 0.14568899999999996 0.481662 0.02691 0.045356
4 0.332465 0.111111 0.059606 0.026042
4 0.453414 0.270616 0.05787 0.017361
4 0.233796 0.472114 0.065394 0.025391
