3 0.313368 0.597512 0.038194 0.073495
3 0.798177 0.638021 0.040365 0.055556
3 0.802083 0.5691550000000001 0.027344 0.0625
3 0.803819 0.49117500000000003 0.027778 0.064525
3 0.807943 0.412037 0.028646 0.059028
6 0.532227 0.33477999999999997 0.02322 0.036458
7 0.477865 0.5648150000000001 0.03776 0.031829
7 0.47970899999999994 0.514323 0.036241 0.030382
7 0.484158 0.44068300000000005 0.035156 0.028356
8 0.253038 0.654803 0.041233 0.054398
8 0.421984 0.325666 0.033203 0.032697
8 0.4263239999999999 0.699797 0.022786 0.040799
8 0.42795099999999997 0.597656 0.02691 0.029803
8 0.44021299999999997 0.470052 0.02322 0.037326
11 0.613173 0.7568 0.034939 0.033275
11 0.768772 0.749132 0.027127 0.037616
11 0.874349 0.7553529999999999 0.030816 0.041956
10 0.948785 0.336082 0.02474 0.043113
9 0.487413 0.28414399999999995 0.039497 0.031829
9 0.655924 0.278791 0.026693 0.029225
9 0.900499 0.273582 0.035807 0.032697
2 0.722873 0.717303 0.041233 0.030093
2 0.812391 0.7152780000000001 0.04145 0.027778
12 0.35069400000000006 0.37123799999999996 0.049045 0.034144
12 0.524523 0.703704 0.049045 0.019676
12 0.58572 0.7097800000000001 0.047309 0.024306
12 0.606988 0.336082 0.065972 0.025752
12 0.655056 0.717303 0.05013 0.031829
13 0.31640599999999997 0.43735500000000005 0.021701 0.063947
13 0.551975 0.45052099999999995 0.02322 0.063657
13 0.555556 0.540654 0.021701 0.070891
13 0.560113 0.6218170000000001 0.02474 0.065394
13 0.890082 0.47092 0.015408 0.07147
13 0.894857 0.390625 0.017144 0.054398
14 0.847765 0.336082 0.03928 0.033275
15 0.887044 0.559896 0.022352 0.053241
16 0.777344 0.33709500000000003 0.038628 0.032986
17 0.879123 0.626736 0.034722 0.053819
1 0.685113 0.5069440000000001 0.038194 0.072338
1 0.69043 0.5850690000000001 0.031901 0.06713
1 0.690755 0.6630499999999999 0.039497 0.055845
4 0.692925 0.33593799999999996 0.046441 0.027199
5 0.3170569999999999 0.510995 0.021701 0.061921
5 0.4743919999999999 0.635561 0.016059 0.05816
5 0.681532 0.42288800000000004 0.025825 0.067419
