2 0.597512 0.313368 0.073495 0.038194
2 0.638021 0.798177 0.055556 0.040365
2 0.5691550000000001 0.802083 0.0625 0.027344
2 0.49117500000000003 0.803819 0.064525 0.027778
2 0.412037 0.807943 0.059028 0.028646
7 0.33477999999999997 0.532227 0.036458 0.02322
6 0.5648150000000001 0.477865 0.031829 0.03776
6 0.514323 0.479709 0.030382 0.036241
6 0.44068300000000005 0.484158 0.028356 0.035156
9 0.654803 0.253038 0.054398 0.041233
9 0.325666 0.421984 0.032697 0.033203
9 0.699797 0.426324 0.040799 0.022786
9 0.597656 0.427951 0.029803 0.02691
9 0.470052 0.440213 0.037326 0.02322
10 0.7568 0.613173 0.033275 0.034939
10 0.749132 0.768772 0.037616 0.027127
10 0.7553529999999999 0.874349 0.041956 0.030816
11 0.336082 0.948785 0.043113 0.02474
8 0.28414399999999995 0.487413 0.031829 0.039497
8 0.278791 0.655924 0.029225 0.026693
8 0.273582 0.900499 0.032697 0.035807
3 0.717303 0.722873 0.030093 0.041233
3 0.7152780000000001 0.812391 0.027778 0.04145
13 0.37123799999999996 0.350694 0.034144 0.049045
13 0.703704 0.524523 0.019676 0.049045
13 0.7097800000000001 0.58572 0.024306 0.047309
13 0.336082 0.606988 0.025752 0.065972
13 0.717303 0.655056 0.031829 0.05013
12 0.43735500000000005 0.316406 0.063947 0.021701
12 0.45052099999999995 0.551975 0.063657 0.02322
12 0.540654 0.555556 0.070891 0.021701
12 0.6218170000000001 0.560113 0.065394 0.02474
12 0.47092 0.890082 0.07147 0.015408
12 0.390625 0.894857 0.054398 0.017144
15 0.336082 0.847765 0.033275 0.03928
14 0.559896 0.887044 0.053241 0.022352
17 0.33709500000000003 0.777344 0.032986 0.038628
16 0.626736 0.879123 0.053819 0.034722
0 0.5069440000000001 0.685113 0.072338 0.038194
0 0.5850690000000001 0.69043 0.06713 0.031901
0 0.6630499999999999 0.690755 0.055845 0.039497
5 0.33593799999999996 0.692925 0.027199 0.046441
4 0.510995 0.317057 0.061921 0.021701
4 0.635561 0.474392 0.05816 0.016059
4 0.42288800000000004 0.681532 0.067419 0.025825
