0 0.583623 0.889648 0.074074 0.042752
0 0.797743 0.719727 0.045139 0.02322
0 0.552807 0.40657600000000005 0.059317 0.038845
0 0.700666 0.405165 0.064525 0.027778
0 0.621672 0.404188 0.061632 0.037543
0 0.778791 0.40191 0.058738 0.026476
7 0.851562 0.676107 0.036458 0.026693
6 0.62037 0.727322 0.030093 0.036675
6 0.671152 0.7253689999999999 0.029803 0.037977
6 0.742043 0.724175 0.033854 0.036024
11 0.524306 0.949436 0.050347 0.047743
11 0.856481 0.786784 0.035301 0.027995
11 0.585069 0.77691 0.032986 0.025608
11 0.482928 0.776693 0.040509 0.022569
11 0.713108 0.766602 0.037905 0.02322
8 0.4286749999999999 0.589844 0.031539 0.036024
8 0.43981500000000007 0.436523 0.032986 0.019748
8 0.437211 0.33138 0.043981 0.028646
9 0.857784 0.26508200000000004 0.04485 0.024089
10 0.901476 0.7235240000000001 0.033275 0.037326
10 0.908131 0.556424 0.029803 0.02691
10 0.921007 0.31391100000000005 0.033565 0.034939
1 0.4732350000000001 0.48253 0.032697 0.039714
1 0.47627299999999995 0.39203600000000005 0.029514 0.040582
13 0.808594 0.857205 0.033854 0.050781
13 0.481337 0.680013 0.02228 0.046658
13 0.4777199999999999 0.619683 0.02662 0.044488
13 0.851128 0.6038410000000001 0.030961 0.060981
13 0.46947300000000003 0.549913 0.029803 0.046875
12 0.743634 0.888238 0.070602 0.026042
12 0.735966 0.655924 0.066262 0.023655
12 0.8193 0.653646 0.051794 0.022135
12 0.649161 0.651042 0.081308 0.025174
12 0.563947 0.643338 0.067708 0.031467
12 0.722512 0.31901 0.07581 0.015625
12 0.802662 0.31608099999999995 0.054398 0.016276
15 0.85706 0.363607 0.034144 0.03928
14 0.634115 0.32118100000000005 0.050637 0.026476
17 0.85489 0.434245 0.034433 0.038628
16 0.565972 0.32541200000000003 0.061921 0.031901
2 0.680411 0.5234380000000001 0.069155 0.036024
2 0.601562 0.516927 0.072917 0.03776
2 0.523003 0.515408 0.037905 0.039062
5 0.854311 0.518338 0.02691 0.045356
4 0.667535 0.888889 0.059606 0.026042
4 0.546586 0.729384 0.05787 0.017361
4 0.766204 0.5278860000000001 0.065394 0.025391
