0 0.40248799999999996 0.313368 0.073495 0.038194
0 0.36197900000000005 0.798177 0.055556 0.040365
0 0.4308449999999999 0.802083 0.0625 0.027344
0 0.508825 0.803819 0.064525 0.027778
0 0.587963 0.807943 0.059028 0.028646
7 0.66522 0.532227 0.036458 0.02322
6 0.43518499999999993 0.477865 0.031829 0.03776
6 0.485677 0.47970899999999994 0.030382 0.036241
6 0.559317 0.484158 0.028356 0.035156
9 0.345197 0.253038 0.054398 0.041233
9 0.674334 0.421984 0.032697 0.033203
9 0.300203 0.4263239999999999 0.040799 0.022786
9 0.40234400000000003 0.42795099999999997 0.029803 0.02691
9 0.529948 0.44021299999999997 0.037326 0.02322
8 0.24319999999999997 0.613173 0.033275 0.034939
8 0.250868 0.768772 0.037616 0.027127
8 0.24464700000000006 0.874349 0.041956 0.030816
11 0.663918 0.948785 0.043113 0.02474
10 0.715856 0.487413 0.031829 0.039497
10 0.721209 0.655924 0.029225 0.026693
10 0.726418 0.900499 0.032697 0.035807
3 0.282697 0.722873 0.030093 0.041233
3 0.2847219999999999 0.812391 0.027778 0.04145
13 0.628762 0.35069400000000006 0.034144 0.049045
13 0.296296 0.524523 0.019676 0.049045
13 0.2902199999999999 0.58572 0.024306 0.047309
13 0.663918 0.606988 0.025752 0.065972
13 0.282697 0.655056 0.031829 0.05013
12 0.562645 0.31640599999999997 0.063947 0.021701
12 0.549479 0.551975 0.063657 0.02322
12 0.45934600000000003 0.555556 0.070891 0.021701
12 0.37818299999999994 0.560113 0.065394 0.02474
12 0.52908 0.890082 0.07147 0.015408
12 0.609375 0.894857 0.054398 0.017144
15 0.663918 0.847765 0.033275 0.03928
14 0.44010400000000005 0.887044 0.053241 0.022352
17 0.662905 0.777344 0.032986 0.038628
16 0.37326400000000004 0.879123 0.053819 0.034722
2 0.49305599999999994 0.685113 0.072338 0.038194
2 0.41493099999999994 0.69043 0.06713 0.031901
2 0.3369500000000001 0.690755 0.055845 0.039497
5 0.664062 0.692925 0.027199 0.046441
4 0.489005 0.3170569999999999 0.061921 0.021701
4 0.36443899999999996 0.4743919999999999 0.05816 0.016059
4 0.577112 0.681532 0.067419 0.025825
