3 0.852865 0.566117 0.039497 0.077257
3 0.6819660000000001 0.351128 0.027561 0.0489
3 0.363607 0.608073 0.040582 0.063368
3 0.36176200000000003 0.534578 0.032986 0.063368
3 0.360677 0.456163 0.030816 0.066262
3 0.357422 0.37601300000000004 0.034722 0.039641
6 0.636502 0.29861099999999996 0.026042 0.040509
7 0.68967 0.533131 0.036892 0.029803
7 0.687717 0.481916 0.038628 0.031539
7 0.685004 0.40842 0.035373 0.027488
10 0.91569 0.62963 0.04145 0.048032
10 0.7476130000000001 0.29369199999999995 0.026042 0.03588
10 0.741645 0.6728879999999999 0.023655 0.038484
10 0.7413190000000001 0.569878 0.02474 0.030961
10 0.728299 0.440538 0.028212 0.038484
11 0.551866 0.729456 0.036458 0.031829
11 0.39344599999999996 0.721644 0.025608 0.039352
11 0.28732599999999997 0.726273 0.030382 0.043403
8 0.21571200000000001 0.296875 0.02474 0.045139
9 0.684787 0.24869799999999997 0.039714 0.030382
9 0.5144310000000001 0.241464 0.025391 0.034433
9 0.26508200000000004 0.23292800000000002 0.036675 0.034144
0 0.44108099999999995 0.688368 0.043186 0.032407
0 0.35102 0.686632 0.040582 0.032407
12 0.817817 0.340422 0.049696 0.032697
12 0.64247 0.675637 0.047092 0.021991
12 0.582357 0.681424 0.042318 0.024884
12 0.564345 0.300926 0.060547 0.03125
12 0.509549 0.6885129999999999 0.049913 0.034433
13 0.849935 0.407552 0.024089 0.067419
13 0.61556 0.415365 0.027561 0.068576
13 0.61263 0.505208 0.02691 0.076389
13 0.612196 0.330874 0.023438 0.050637
13 0.6059030000000001 0.5927370000000001 0.030816 0.067419
13 0.27246099999999995 0.43402799999999997 0.01888 0.074653
13 0.26844599999999996 0.351997 0.016493 0.055845
14 0.31640599999999997 0.29730900000000005 0.039931 0.034433
15 0.27452299999999996 0.525752 0.02691 0.054398
16 0.388563 0.29861099999999996 0.040582 0.03588
17 0.28168400000000005 0.595486 0.03342 0.067708
1 0.48285599999999995 0.475116 0.037326 0.07581
1 0.475803 0.551505 0.032335 0.060764
1 0.47482599999999997 0.634115 0.036892 0.062789
4 0.47645400000000004 0.298756 0.048394 0.024595
5 0.850911 0.48234999999999995 0.020833 0.064236
5 0.693685 0.607205 0.017578 0.055845
5 0.48676200000000003 0.38744199999999995 0.027778 0.068866
