3 0.110352 0.416377 0.042752 0.074074
3 0.280273 0.20225700000000002 0.02322 0.045139
3 0.593424 0.44719299999999995 0.038845 0.059317
3 0.594835 0.299334 0.027778 0.064525
3 0.595812 0.378328 0.037543 0.061632
3 0.59809 0.221209 0.026476 0.058738
6 0.323893 0.14843799999999996 0.026693 0.036458
7 0.272678 0.37963 0.036675 0.030093
7 0.27463100000000007 0.32884800000000003 0.037977 0.029803
7 0.275825 0.257957 0.036024 0.033854
8 0.05056400000000005 0.47569399999999995 0.047743 0.050347
8 0.21321599999999996 0.14351899999999995 0.027995 0.035301
8 0.22309 0.41493100000000005 0.025608 0.032986
8 0.22330700000000003 0.517072 0.022569 0.040509
8 0.233398 0.28689200000000004 0.02322 0.037905
11 0.41015599999999997 0.5713250000000001 0.036024 0.031539
11 0.563477 0.5601849999999999 0.019748 0.032986
11 0.66862 0.562789 0.028646 0.043981
10 0.734918 0.142216 0.024089 0.04485
9 0.27647599999999994 0.09852399999999994 0.037326 0.033275
9 0.44357599999999997 0.09186899999999998 0.02691 0.029803
9 0.686089 0.07899299999999998 0.034939 0.033565
2 0.51747 0.5267649999999999 0.039714 0.032697
2 0.607964 0.523727 0.040582 0.029514
12 0.142795 0.19140599999999997 0.050781 0.033854
12 0.319987 0.518663 0.046658 0.02228
12 0.380317 0.5222800000000001 0.044488 0.02662
12 0.39615899999999993 0.148872 0.060981 0.030961
12 0.450087 0.530527 0.046875 0.029803
13 0.11176200000000003 0.256366 0.026042 0.070602
13 0.34407600000000005 0.264034 0.023655 0.066262
13 0.34635400000000005 0.18069999999999997 0.022135 0.051794
13 0.348958 0.350839 0.025174 0.081308
13 0.35666200000000003 0.436053 0.031467 0.067708
13 0.68099 0.27748799999999996 0.015625 0.07581
13 0.683919 0.197338 0.016276 0.054398
14 0.636393 0.14293999999999996 0.03928 0.034144
15 0.678819 0.365885 0.026476 0.050637
16 0.565755 0.14510999999999996 0.038628 0.034433
17 0.674588 0.43402799999999997 0.031901 0.061921
1 0.47656199999999993 0.319589 0.036024 0.069155
1 0.483073 0.39843799999999996 0.03776 0.072917
1 0.484592 0.476997 0.039062 0.037905
4 0.48166200000000003 0.14568899999999996 0.045356 0.02691
5 0.11111099999999996 0.332465 0.026042 0.059606
5 0.27061599999999997 0.453414 0.017361 0.05787
5 0.4721139999999999 0.233796 0.025391 0.065394
