8 0.19824200000000003 0.520689 0.035807 0.037905
8 0.20431900000000003 0.588831 0.046658 0.052662
8 0.206055 0.6630499999999999 0.037543 0.046007
8 0.230252 0.28240699999999996 0.039497 0.055556
8 0.23187899999999995 0.42230900000000005 0.037543 0.055845
11 0.3973519999999999 0.37702500000000005 0.039062 0.047454
11 0.40375399999999995 0.775174 0.047526 0.052662
11 0.519314 0.78125 0.049479 0.052662
11 0.651693 0.782986 0.05599 0.052662
11 0.774523 0.777344 0.051215 0.051794
10 0.83138 0.32523100000000005 0.036458 0.046296
10 0.831706 0.43648699999999996 0.034939 0.050058
10 0.833116 0.21064799999999995 0.03559 0.056713
10 0.841254 0.554109 0.035373 0.050926
10 0.843859 0.694878 0.042752 0.046586
9 0.3148869999999999 0.12283 0.050781 0.065683
9 0.35395 0.467303 0.042969 0.04919
9 0.42795099999999997 0.13382499999999997 0.042969 0.043692
9 0.469618 0.466869 0.046875 0.063947
9 0.510525 0.26548000000000005 0.036241 0.041956
9 0.514214 0.13180000000000003 0.041884 0.047743
9 0.595378 0.46773699999999996 0.048394 0.050637
9 0.615668 0.25752299999999995 0.038194 0.04456
9 0.626845 0.11921300000000001 0.048394 0.050926
9 0.716037 0.46990699999999996 0.040582 0.047454
9 0.741753 0.11024299999999998 0.052951 0.042824
12 0.33724 0.699797 0.068576 0.041956
12 0.37662799999999996 0.20572900000000005 0.067925 0.038773
12 0.40983100000000006 0.554398 0.067057 0.048611
12 0.456272 0.701244 0.070964 0.044271
12 0.460286 0.32986099999999996 0.070747 0.042824
12 0.4721139999999999 0.194589 0.054036 0.043692
12 0.531576 0.555266 0.063585 0.046875
12 0.559787 0.323785 0.069661 0.041088
12 0.568359 0.17693899999999996 0.067708 0.041956
12 0.594293 0.705729 0.071832 0.042824
12 0.657769 0.552083 0.076389 0.045718
12 0.673937 0.31915499999999997 0.073134 0.04456
12 0.677083 0.17274299999999998 0.067274 0.042824
12 0.709418 0.7051499999999999 0.065104 0.041088
13 0.28819400000000006 0.48090299999999997 0.03125 0.074074
13 0.29069 0.348958 0.033637 0.081019
13 0.775716 0.375579 0.030599 0.070602
13 0.775825 0.26273100000000005 0.032118 0.082176
13 0.778646 0.489873 0.034722 0.078704
13 0.779948 0.612992 0.032118 0.074942
