3 0.686632 0.597512 0.038194 0.073495
3 0.20182299999999997 0.638021 0.040365 0.055556
3 0.197917 0.5691550000000001 0.027344 0.0625
3 0.19618100000000005 0.49117500000000003 0.027778 0.064525
3 0.19205700000000003 0.412037 0.028646 0.059028
6 0.467773 0.33477999999999997 0.02322 0.036458
7 0.522135 0.5648150000000001 0.03776 0.031829
7 0.5202910000000001 0.514323 0.036241 0.030382
7 0.515842 0.44068300000000005 0.035156 0.028356
10 0.746962 0.654803 0.041233 0.054398
10 0.578016 0.325666 0.033203 0.032697
10 0.5736760000000001 0.699797 0.022786 0.040799
10 0.572049 0.597656 0.02691 0.029803
10 0.559787 0.470052 0.02322 0.037326
11 0.38682700000000003 0.7568 0.034939 0.033275
11 0.231228 0.749132 0.027127 0.037616
11 0.12565099999999996 0.7553529999999999 0.030816 0.041956
8 0.05121500000000001 0.336082 0.02474 0.043113
9 0.512587 0.28414399999999995 0.039497 0.031829
9 0.34407600000000005 0.278791 0.026693 0.029225
9 0.09950099999999995 0.273582 0.035807 0.032697
0 0.277127 0.717303 0.041233 0.030093
0 0.18760900000000003 0.7152780000000001 0.04145 0.027778
12 0.6493059999999999 0.37123799999999996 0.049045 0.034144
12 0.47547700000000004 0.703704 0.049045 0.019676
12 0.41428 0.7097800000000001 0.047309 0.024306
12 0.39301200000000003 0.336082 0.065972 0.025752
12 0.34494400000000003 0.717303 0.05013 0.031829
13 0.683594 0.43735500000000005 0.021701 0.063947
13 0.448025 0.45052099999999995 0.02322 0.063657
13 0.44444399999999995 0.540654 0.021701 0.070891
13 0.43988700000000003 0.6218170000000001 0.02474 0.065394
13 0.10991799999999996 0.47092 0.015408 0.07147
13 0.10514299999999999 0.390625 0.017144 0.054398
14 0.152235 0.336082 0.03928 0.033275
15 0.11295599999999995 0.559896 0.022352 0.053241
16 0.22265599999999997 0.33709500000000003 0.038628 0.032986
17 0.12087700000000001 0.626736 0.034722 0.053819
1 0.31488700000000003 0.5069440000000001 0.038194 0.072338
1 0.30957 0.5850690000000001 0.031901 0.06713
1 0.309245 0.6630499999999999 0.039497 0.055845
4 0.307075 0.33593799999999996 0.046441 0.027199
5 0.6829430000000001 0.510995 0.021701 0.061921
5 0.5256080000000001 0.635561 0.016059 0.05816
5 0.318468 0.42288800000000004 0.025825 0.067419
