0 0.433883 0.14713500000000002 0.077257 0.039497
0 0.648872 0.31803399999999993 0.0489 0.027561
0 0.391927 0.636393 0.063368 0.040582
0 0.465422 0.638238 0.063368 0.032986
0 0.543837 0.639323 0.066262 0.030816
0 0.623987 0.642578 0.039641 0.034722
7 0.701389 0.363498 0.040509 0.026042
6 0.466869 0.31033 0.029803 0.036892
6 0.518084 0.312283 0.031539 0.038628
6 0.59158 0.31499600000000005 0.027488 0.035373
9 0.37037 0.08431 0.048032 0.04145
9 0.706308 0.2523869999999999 0.03588 0.026042
9 0.32711200000000007 0.258355 0.038484 0.023655
9 0.430122 0.25868099999999994 0.030961 0.02474
9 0.559462 0.27170099999999997 0.038484 0.028212
8 0.270544 0.44813400000000003 0.031829 0.036458
8 0.27835600000000005 0.606554 0.039352 0.025608
8 0.27372700000000005 0.712674 0.043403 0.030382
11 0.703125 0.784288 0.045139 0.02474
10 0.751302 0.31521299999999997 0.030382 0.039714
10 0.758536 0.4855689999999999 0.034433 0.025391
10 0.767072 0.734918 0.034144 0.036675
3 0.311632 0.558919 0.032407 0.043186
3 0.313368 0.64898 0.032407 0.040582
13 0.659578 0.18218299999999998 0.032697 0.049696
13 0.32436299999999996 0.35753 0.021991 0.047092
13 0.31857599999999997 0.417643 0.024884 0.042318
13 0.699074 0.435655 0.03125 0.060547
13 0.31148700000000007 0.49045099999999997 0.034433 0.049913
12 0.592448 0.150065 0.067419 0.024089
12 0.584635 0.38444 0.068576 0.027561
12 0.494792 0.38737 0.076389 0.02691
12 0.669126 0.38780400000000004 0.050637 0.023438
12 0.40726299999999993 0.3940969999999999 0.067419 0.030816
12 0.565972 0.727539 0.074653 0.01888
12 0.648003 0.731554 0.055845 0.016493
15 0.702691 0.683594 0.034433 0.039931
14 0.474248 0.725477 0.054398 0.02691
17 0.701389 0.611437 0.03588 0.040582
16 0.40451400000000004 0.718316 0.067708 0.03342
2 0.524884 0.517144 0.07581 0.037326
2 0.448495 0.524197 0.060764 0.032335
2 0.365885 0.525174 0.062789 0.036892
5 0.701244 0.523546 0.024595 0.048394
4 0.51765 0.14908900000000003 0.064236 0.020833
4 0.392795 0.306315 0.055845 0.017578
4 0.612558 0.513238 0.068866 0.027778
