10 0.801758 0.520689 0.035807 0.037905
10 0.795681 0.588831 0.046658 0.052662
10 0.793945 0.6630499999999999 0.037543 0.046007
10 0.769748 0.28240699999999996 0.039497 0.055556
10 0.768121 0.42230900000000005 0.037543 0.055845
11 0.6026480000000001 0.37702500000000005 0.039062 0.047454
11 0.596246 0.775174 0.047526 0.052662
11 0.48068599999999995 0.78125 0.049479 0.052662
11 0.34830700000000003 0.782986 0.05599 0.052662
11 0.22547700000000004 0.777344 0.051215 0.051794
8 0.16862 0.32523100000000005 0.036458 0.046296
8 0.16829400000000005 0.43648699999999996 0.034939 0.050058
8 0.16688400000000003 0.21064799999999995 0.03559 0.056713
8 0.15874600000000005 0.554109 0.035373 0.050926
8 0.15614099999999997 0.694878 0.042752 0.046586
9 0.6851130000000001 0.12283 0.050781 0.065683
9 0.64605 0.467303 0.042969 0.04919
9 0.572049 0.13382499999999997 0.042969 0.043692
9 0.530382 0.466869 0.046875 0.063947
9 0.489475 0.26548000000000005 0.036241 0.041956
9 0.48578600000000005 0.13180000000000003 0.041884 0.047743
9 0.40462200000000004 0.46773699999999996 0.048394 0.050637
9 0.384332 0.25752299999999995 0.038194 0.04456
9 0.373155 0.11921300000000001 0.048394 0.050926
9 0.28396299999999997 0.46990699999999996 0.040582 0.047454
9 0.258247 0.11024299999999998 0.052951 0.042824
12 0.66276 0.699797 0.068576 0.041956
12 0.623372 0.20572900000000005 0.067925 0.038773
12 0.5901689999999999 0.554398 0.067057 0.048611
12 0.543728 0.701244 0.070964 0.044271
12 0.539714 0.32986099999999996 0.070747 0.042824
12 0.5278860000000001 0.194589 0.054036 0.043692
12 0.46842399999999995 0.555266 0.063585 0.046875
12 0.44021299999999997 0.323785 0.069661 0.041088
12 0.43164100000000005 0.17693899999999996 0.067708 0.041956
12 0.40570700000000004 0.705729 0.071832 0.042824
12 0.34223099999999995 0.552083 0.076389 0.045718
12 0.326063 0.31915499999999997 0.073134 0.04456
12 0.322917 0.17274299999999998 0.067274 0.042824
12 0.290582 0.7051499999999999 0.065104 0.041088
13 0.7118059999999999 0.48090299999999997 0.03125 0.074074
13 0.70931 0.348958 0.033637 0.081019
13 0.22428400000000004 0.375579 0.030599 0.070602
13 0.224175 0.26273100000000005 0.032118 0.082176
13 0.22135400000000005 0.489873 0.034722 0.078704
13 0.22005200000000003 0.612992 0.032118 0.074942
