2 0.566117 0.852865 0.077257 0.039497
2 0.351128 0.6819660000000001 0.0489 0.027561
2 0.608073 0.363607 0.063368 0.040582
2 0.534578 0.36176200000000003 0.063368 0.032986
2 0.456163 0.360677 0.066262 0.030816
2 0.37601300000000004 0.357422 0.039641 0.034722
7 0.29861099999999996 0.636502 0.040509 0.026042
6 0.533131 0.68967 0.029803 0.036892
6 0.481916 0.687717 0.031539 0.038628
6 0.40842 0.685004 0.027488 0.035373
11 0.62963 0.91569 0.048032 0.04145
11 0.29369199999999995 0.7476130000000001 0.03588 0.026042
11 0.6728879999999999 0.741645 0.038484 0.023655
11 0.569878 0.7413190000000001 0.030961 0.02474
11 0.440538 0.728299 0.038484 0.028212
10 0.729456 0.551866 0.031829 0.036458
10 0.721644 0.39344599999999996 0.039352 0.025608
10 0.726273 0.28732599999999997 0.043403 0.030382
9 0.296875 0.21571200000000001 0.045139 0.02474
8 0.24869799999999997 0.684787 0.030382 0.039714
8 0.241464 0.5144310000000001 0.034433 0.025391
8 0.23292800000000002 0.26508200000000004 0.034144 0.036675
1 0.688368 0.44108099999999995 0.032407 0.043186
1 0.686632 0.35102 0.032407 0.040582
13 0.340422 0.817817 0.032697 0.049696
13 0.675637 0.64247 0.021991 0.047092
13 0.681424 0.582357 0.024884 0.042318
13 0.300926 0.564345 0.03125 0.060547
13 0.6885129999999999 0.509549 0.034433 0.049913
12 0.407552 0.849935 0.067419 0.024089
12 0.415365 0.61556 0.068576 0.027561
12 0.505208 0.61263 0.076389 0.02691
12 0.330874 0.612196 0.050637 0.023438
12 0.5927370000000001 0.6059030000000001 0.067419 0.030816
12 0.43402799999999997 0.27246099999999995 0.074653 0.01888
12 0.351997 0.26844599999999996 0.055845 0.016493
15 0.29730900000000005 0.31640599999999997 0.034433 0.039931
14 0.525752 0.27452299999999996 0.054398 0.02691
17 0.29861099999999996 0.388563 0.03588 0.040582
16 0.595486 0.28168400000000005 0.067708 0.03342
0 0.475116 0.48285599999999995 0.07581 0.037326
0 0.551505 0.475803 0.060764 0.032335
0 0.634115 0.47482599999999997 0.062789 0.036892
5 0.298756 0.47645400000000004 0.024595 0.048394
4 0.48234999999999995 0.850911 0.064236 0.020833
4 0.607205 0.693685 0.055845 0.017578
4 0.38744199999999995 0.48676200000000003 0.068866 0.027778
