1 0.889648 0.583623 0.042752 0.074074
1 0.719727 0.797743 0.02322 0.045139
1 0.40657600000000005 0.552807 0.038845 0.059317
1 0.405165 0.700666 0.027778 0.064525
1 0.404188 0.621672 0.037543 0.061632
1 0.40191 0.778791 0.026476 0.058738
6 0.676107 0.851562 0.026693 0.036458
7 0.727322 0.62037 0.036675 0.030093
7 0.7253689999999999 0.671152 0.037977 0.029803
7 0.724175 0.742043 0.036024 0.033854
10 0.949436 0.524306 0.047743 0.050347
10 0.786784 0.856481 0.027995 0.035301
10 0.77691 0.585069 0.025608 0.032986
10 0.776693 0.482928 0.022569 0.040509
10 0.766602 0.713108 0.02322 0.037905
9 0.589844 0.428675 0.036024 0.031539
9 0.436523 0.439815 0.019748 0.032986
9 0.33138 0.437211 0.028646 0.043981
8 0.26508200000000004 0.857784 0.024089 0.04485
11 0.7235240000000001 0.901476 0.037326 0.033275
11 0.556424 0.908131 0.02691 0.029803
11 0.31391100000000005 0.921007 0.034939 0.033565
0 0.48253 0.473235 0.039714 0.032697
0 0.39203600000000005 0.476273 0.040582 0.029514
12 0.857205 0.808594 0.050781 0.033854
12 0.680013 0.481337 0.046658 0.02228
12 0.619683 0.47772 0.044488 0.02662
12 0.6038410000000001 0.851128 0.060981 0.030961
12 0.549913 0.469473 0.046875 0.029803
13 0.888238 0.743634 0.026042 0.070602
13 0.655924 0.735966 0.023655 0.066262
13 0.653646 0.8193 0.022135 0.051794
13 0.651042 0.649161 0.025174 0.081308
13 0.643338 0.563947 0.031467 0.067708
13 0.31901 0.722512 0.015625 0.07581
13 0.31608099999999995 0.802662 0.016276 0.054398
14 0.363607 0.85706 0.03928 0.034144
15 0.32118100000000005 0.634115 0.026476 0.050637
16 0.434245 0.85489 0.038628 0.034433
17 0.32541200000000003 0.565972 0.031901 0.061921
3 0.5234380000000001 0.680411 0.036024 0.069155
3 0.516927 0.601562 0.03776 0.072917
3 0.515408 0.523003 0.039062 0.037905
4 0.518338 0.854311 0.045356 0.02691
5 0.888889 0.667535 0.026042 0.059606
5 0.729384 0.546586 0.017361 0.05787
5 0.5278860000000001 0.766204 0.025391 0.065394
