6 0.386502 0.605035 0.065972 0.120949
7 0.208225 0.480035 0.098307 0.081597
0 0.640299 0.866898 0.10395 0.119792
12 0.5660810000000001 0.606916 0.103516 0.097512
13 0.19911 0.6854750000000001 0.072266 0.181713
14 0.40147600000000006 0.309462 0.105035 0.127025
16 0.5814889999999999 0.30280700000000005 0.13954 0.157118
17 0.32638900000000004 0.45413800000000004 0.078993 0.116609
1 0.756185 0.6840280000000001 0.095269 0.155093
4 0.43294299999999997 0.8592299999999999 0.126302 0.081887
5 0.7420789999999999 0.478009 0.07487 0.131366
