11 0.47931100000000004 0.801758 0.037905 0.035807
11 0.411169 0.795681 0.052662 0.046658
11 0.3369500000000001 0.793945 0.046007 0.037543
11 0.717593 0.769748 0.055556 0.039497
11 0.577691 0.768121 0.055845 0.037543
8 0.622975 0.6026480000000001 0.047454 0.039062
8 0.22482599999999997 0.596246 0.052662 0.047526
8 0.21875 0.48068599999999995 0.052662 0.049479
8 0.21701400000000004 0.34830700000000003 0.052662 0.05599
8 0.22265599999999997 0.22547700000000004 0.051794 0.051215
9 0.674769 0.16862 0.046296 0.036458
9 0.563513 0.16829400000000005 0.050058 0.034939
9 0.789352 0.16688400000000003 0.056713 0.03559
9 0.44589100000000004 0.15874600000000005 0.050926 0.035373
9 0.305122 0.15614099999999997 0.046586 0.042752
10 0.87717 0.6851130000000001 0.065683 0.050781
10 0.532697 0.64605 0.04919 0.042969
10 0.866175 0.572049 0.043692 0.042969
10 0.533131 0.530382 0.063947 0.046875
10 0.73452 0.489475 0.041956 0.036241
10 0.8682 0.48578600000000005 0.047743 0.041884
10 0.532263 0.40462200000000004 0.050637 0.048394
10 0.742477 0.384332 0.04456 0.038194
10 0.880787 0.373155 0.050926 0.048394
10 0.530093 0.28396299999999997 0.047454 0.040582
10 0.889757 0.258247 0.042824 0.052951
13 0.300203 0.66276 0.041956 0.068576
13 0.794271 0.623372 0.038773 0.067925
13 0.44560200000000005 0.5901689999999999 0.048611 0.067057
13 0.298756 0.543728 0.044271 0.070964
13 0.670139 0.539714 0.042824 0.070747
13 0.805411 0.5278860000000001 0.043692 0.054036
13 0.44473399999999996 0.46842399999999995 0.046875 0.063585
13 0.676215 0.44021299999999997 0.041088 0.069661
13 0.823061 0.43164100000000005 0.041956 0.067708
13 0.29427099999999995 0.40570700000000004 0.042824 0.071832
13 0.447917 0.34223099999999995 0.045718 0.076389
13 0.680845 0.326063 0.04456 0.073134
13 0.827257 0.322917 0.042824 0.067274
13 0.29485000000000006 0.290582 0.041088 0.065104
12 0.519097 0.7118059999999999 0.074074 0.03125
12 0.651042 0.70931 0.081019 0.033637
12 0.624421 0.22428400000000004 0.070602 0.030599
12 0.737269 0.224175 0.082176 0.032118
12 0.510127 0.22135400000000005 0.078704 0.034722
12 0.387008 0.22005200000000003 0.074942 0.032118
