11 0.520689 0.801758 0.037905 0.035807
11 0.588831 0.795681 0.052662 0.046658
11 0.6630499999999999 0.793945 0.046007 0.037543
11 0.28240699999999996 0.769748 0.055556 0.039497
11 0.42230900000000005 0.768121 0.055845 0.037543
10 0.37702500000000005 0.6026480000000001 0.047454 0.039062
10 0.775174 0.596246 0.052662 0.047526
10 0.78125 0.48068599999999995 0.052662 0.049479
10 0.782986 0.34830700000000003 0.052662 0.05599
10 0.777344 0.22547700000000004 0.051794 0.051215
9 0.32523100000000005 0.16862 0.046296 0.036458
9 0.43648699999999996 0.16829400000000005 0.050058 0.034939
9 0.21064799999999995 0.16688400000000003 0.056713 0.03559
9 0.554109 0.15874600000000005 0.050926 0.035373
9 0.694878 0.15614099999999997 0.046586 0.042752
8 0.12283 0.6851130000000001 0.065683 0.050781
8 0.467303 0.64605 0.04919 0.042969
8 0.13382499999999997 0.572049 0.043692 0.042969
8 0.466869 0.530382 0.063947 0.046875
8 0.26548000000000005 0.489475 0.041956 0.036241
8 0.13180000000000003 0.48578600000000005 0.047743 0.041884
8 0.46773699999999996 0.40462200000000004 0.050637 0.048394
8 0.25752299999999995 0.384332 0.04456 0.038194
8 0.11921300000000001 0.373155 0.050926 0.048394
8 0.46990699999999996 0.28396299999999997 0.047454 0.040582
8 0.11024299999999998 0.258247 0.042824 0.052951
13 0.699797 0.66276 0.041956 0.068576
13 0.20572900000000005 0.623372 0.038773 0.067925
13 0.554398 0.5901689999999999 0.048611 0.067057
13 0.701244 0.543728 0.044271 0.070964
13 0.32986099999999996 0.539714 0.042824 0.070747
13 0.194589 0.5278860000000001 0.043692 0.054036
13 0.555266 0.46842399999999995 0.046875 0.063585
13 0.323785 0.44021299999999997 0.041088 0.069661
13 0.17693899999999996 0.43164100000000005 0.041956 0.067708
13 0.705729 0.40570700000000004 0.042824 0.071832
13 0.552083 0.34223099999999995 0.045718 0.076389
13 0.31915499999999997 0.326063 0.04456 0.073134
13 0.17274299999999998 0.322917 0.042824 0.067274
13 0.7051499999999999 0.290582 0.041088 0.065104
12 0.48090299999999997 0.7118059999999999 0.074074 0.03125
12 0.348958 0.70931 0.081019 0.033637
12 0.375579 0.22428400000000004 0.070602 0.030599
12 0.26273100000000005 0.224175 0.082176 0.032118
12 0.489873 0.22135400000000005 0.078704 0.034722
12 0.612992 0.22005200000000003 0.074942 0.032118
