2 0.566117 0.147135 0.077257 0.039497
2 0.351128 0.318034 0.0489 0.027561
2 0.608073 0.636393 0.063368 0.040582
2 0.534578 0.638238 0.063368 0.032986
2 0.456163 0.639323 0.066262 0.030816
2 0.37601300000000004 0.642578 0.039641 0.034722
7 0.29861099999999996 0.363498 0.040509 0.026042
6 0.533131 0.31033 0.029803 0.036892
6 0.481916 0.312283 0.031539 0.038628
6 0.40842 0.314996 0.027488 0.035373
9 0.62963 0.08431 0.048032 0.04145
9 0.29369199999999995 0.252387 0.03588 0.026042
9 0.6728879999999999 0.258355 0.038484 0.023655
9 0.569878 0.258681 0.030961 0.02474
9 0.440538 0.271701 0.038484 0.028212
10 0.729456 0.448134 0.031829 0.036458
10 0.721644 0.606554 0.039352 0.025608
10 0.726273 0.712674 0.043403 0.030382
11 0.296875 0.784288 0.045139 0.02474
8 0.24869799999999997 0.315213 0.030382 0.039714
8 0.241464 0.485569 0.034433 0.025391
8 0.23292800000000002 0.734918 0.034144 0.036675
3 0.688368 0.558919 0.032407 0.043186
3 0.686632 0.64898 0.032407 0.040582
13 0.340422 0.182183 0.032697 0.049696
13 0.675637 0.35753 0.021991 0.047092
13 0.681424 0.417643 0.024884 0.042318
13 0.300926 0.435655 0.03125 0.060547
13 0.6885129999999999 0.490451 0.034433 0.049913
12 0.407552 0.150065 0.067419 0.024089
12 0.415365 0.38444 0.068576 0.027561
12 0.505208 0.38737 0.076389 0.02691
12 0.330874 0.387804 0.050637 0.023438
12 0.5927370000000001 0.394097 0.067419 0.030816
12 0.43402799999999997 0.727539 0.074653 0.01888
12 0.351997 0.731554 0.055845 0.016493
15 0.29730900000000005 0.683594 0.034433 0.039931
14 0.525752 0.725477 0.054398 0.02691
17 0.29861099999999996 0.611437 0.03588 0.040582
16 0.595486 0.718316 0.067708 0.03342
0 0.475116 0.517144 0.07581 0.037326
0 0.551505 0.524197 0.060764 0.032335
0 0.634115 0.525174 0.062789 0.036892
5 0.298756 0.523546 0.024595 0.048394
4 0.48234999999999995 0.149089 0.064236 0.020833
4 0.607205 0.306315 0.055845 0.017578
4 0.38744199999999995 0.513238 0.068866 0.027778
