2 0.34537799999999996 0.264034 0.04362 0.05353
7 0.664714 0.532552 0.073785 0.05353
7 0.41579900000000003 0.518663 0.066406 0.105035
9 0.418728 0.368634 0.067057 0.090856
1 0.29318599999999995 0.39727999999999997 0.033854 0.070023
13 0.689128 0.697193 0.03928 0.092882
15 0.296115 0.5044850000000001 0.052734 0.085359
17 0.418945 0.6807000000000001 0.057075 0.091725
5 0.576172 0.6873549999999999 0.029948 0.094618
5 0.298937 0.652054 0.037977 0.090567
5 0.67003 0.42780700000000005 0.038411 0.088831
4 0.617839 0.277633 0.076389 0.051794
4 0.460286 0.265336 0.090278 0.046875
