3 0.735966 0.34537799999999996 0.05353 0.04362
6 0.467448 0.664714 0.05353 0.073785
6 0.481337 0.41579900000000003 0.105035 0.066406
10 0.631366 0.418728 0.090856 0.067057
2 0.60272 0.29318599999999995 0.070023 0.033854
12 0.30280700000000005 0.689128 0.092882 0.03928
14 0.4955149999999999 0.296115 0.085359 0.052734
16 0.3192999999999999 0.418945 0.091725 0.057075
4 0.31264500000000006 0.576172 0.094618 0.029948
4 0.347946 0.298937 0.090567 0.037977
4 0.572193 0.67003 0.088831 0.038411
5 0.722367 0.617839 0.051794 0.076389
5 0.734664 0.460286 0.046875 0.090278
