6 0.686089 0.384115 0.042318 0.061632
6 0.5223519999999999 0.386429 0.039062 0.070891
6 0.916558 0.509838 0.029731 0.056134
6 0.28287799999999996 0.523872 0.033203 0.05353
10 0.97526 0.500145 0.036458 0.087095
12 0.7551 0.516493 0.091363 0.048611
14 0.846137 0.514757 0.062066 0.061343
16 0.5234380000000001 0.515336 0.057726 0.060764
0 0.43055600000000005 0.521846 0.049479 0.052951
0 0.350043 0.527922 0.053819 0.047743
4 0.633464 0.512153 0.090278 0.042824
4 0.19205700000000003 0.534578 0.088542 0.047164
