0 0.654622 0.264034 0.04362 0.05353
7 0.335286 0.532552 0.073785 0.05353
7 0.584201 0.518663 0.066406 0.105035
9 0.581272 0.368634 0.067057 0.090856
1 0.706814 0.39727999999999997 0.033854 0.070023
13 0.31087200000000004 0.697193 0.03928 0.092882
15 0.703885 0.5044850000000001 0.052734 0.085359
17 0.581055 0.6807000000000001 0.057075 0.091725
5 0.423828 0.6873549999999999 0.029948 0.094618
5 0.701063 0.652054 0.037977 0.090567
5 0.32997 0.42780700000000005 0.038411 0.088831
4 0.382161 0.277633 0.076389 0.051794
4 0.539714 0.265336 0.090278 0.046875
