1 0.197917 0.376519 0.074074 0.092448
7 0.819155 0.15191 0.091435 0.06033
7 0.650463 0.304905 0.113426 0.063368
11 0.564959 0.968859 0.187211 0.062283
0 0.45384800000000003 0.86849 0.102141 0.06033
13 0.369792 0.71658 0.056713 0.121962
14 0.739439 0.0727 0.078993 0.03776
15 0.37485500000000005 0.575195 0.069734 0.057075
16 0.266927 0.499457 0.081887 0.058377
3 0.820023 0.283637 0.087384 0.075521
3 0.530961 0.376845 0.076389 0.069661
4 0.38556100000000004 0.272352 0.150174 0.042969
5 0.6629050000000001 0.175781 0.064236 0.101128
