3 0.802083 0.623481 0.074074 0.092448
7 0.18084500000000003 0.84809 0.091435 0.06033
7 0.349537 0.695095 0.113426 0.063368
9 0.435041 0.031140999999999974 0.187211 0.062283
2 0.546152 0.13151000000000002 0.102141 0.06033
13 0.630208 0.28342 0.056713 0.121962
14 0.26056100000000004 0.9273 0.078993 0.03776
15 0.625145 0.424805 0.069734 0.057075
16 0.733073 0.500543 0.081887 0.058377
1 0.17997700000000005 0.7163630000000001 0.087384 0.075521
1 0.469039 0.623155 0.076389 0.069661
4 0.614439 0.7276480000000001 0.150174 0.042969
5 0.3370949999999999 0.824219 0.064236 0.101128
