2 0.34537799999999996 0.735966 0.04362 0.05353
7 0.664714 0.467448 0.073785 0.05353
7 0.41579900000000003 0.481337 0.066406 0.105035
11 0.418728 0.631366 0.067057 0.090856
3 0.29318599999999995 0.60272 0.033854 0.070023
13 0.689128 0.302807 0.03928 0.092882
15 0.296115 0.495515 0.052734 0.085359
17 0.418945 0.3193 0.057075 0.091725
5 0.576172 0.312645 0.029948 0.094618
5 0.298937 0.347946 0.037977 0.090567
5 0.67003 0.572193 0.038411 0.088831
4 0.617839 0.722367 0.076389 0.051794
4 0.460286 0.734664 0.090278 0.046875
