6 0.31391100000000005 0.615885 0.042318 0.061632
6 0.4776480000000001 0.613571 0.039062 0.070891
6 0.08344200000000002 0.490162 0.029731 0.056134
6 0.717122 0.476128 0.033203 0.05353
8 0.024739999999999984 0.49985500000000005 0.036458 0.087095
12 0.2449 0.483507 0.091363 0.048611
14 0.15386299999999997 0.485243 0.062066 0.061343
16 0.47656199999999993 0.484664 0.057726 0.060764
2 0.569444 0.47815399999999997 0.049479 0.052951
2 0.649957 0.472078 0.053819 0.047743
4 0.366536 0.48784700000000003 0.090278 0.042824
4 0.807943 0.465422 0.088542 0.047164
