6 0.686089 0.615885 0.042318 0.061632
6 0.5223519999999999 0.613571 0.039062 0.070891
6 0.916558 0.490162 0.029731 0.056134
6 0.28287799999999996 0.476128 0.033203 0.05353
10 0.97526 0.49985500000000005 0.036458 0.087095
12 0.7551 0.483507 0.091363 0.048611
14 0.846137 0.485243 0.062066 0.061343
16 0.5234380000000001 0.484664 0.057726 0.060764
0 0.43055600000000005 0.47815399999999997 0.049479 0.052951
0 0.350043 0.472078 0.053819 0.047743
4 0.633464 0.48784700000000003 0.090278 0.042824
4 0.19205700000000003 0.465422 0.088542 0.047164
