0 0.37651900000000005 0.197917 0.092448 0.074074
6 0.15191 0.819155 0.06033 0.091435
6 0.304905 0.650463 0.063368 0.113426
10 0.968859 0.564959 0.062283 0.187211
1 0.86849 0.45384800000000003 0.06033 0.102141
12 0.71658 0.369792 0.121962 0.056713
15 0.07269999999999999 0.739439 0.03776 0.078993
14 0.575195 0.37485500000000005 0.057075 0.069734
17 0.49945700000000004 0.266927 0.058377 0.081887
2 0.2836369999999999 0.820023 0.075521 0.087384
2 0.376845 0.530961 0.069661 0.076389
5 0.2723519999999999 0.38556100000000004 0.042969 0.150174
4 0.17578099999999997 0.6629050000000001 0.101128 0.064236
