0 0.357205 0.27007400000000004 0.059317 0.042752
6 0.74537 0.22037799999999996 0.074653 0.054036
7 0.48669000000000007 0.77474 0.068287 0.040365
9 0.508247 0.20703099999999997 0.231192 0.078559
13 0.719618 0.45171399999999995 0.086806 0.154731
15 0.11733199999999999 0.516168 0.090567 0.107856
15 0.4620949999999999 0.46224 0.114583 0.141493
15 0.863137 0.403103 0.092593 0.099609
17 0.316551 0.48578600000000005 0.145255 0.145182
1 0.497541 0.701172 0.07147 0.075521
5 0.582321 0.474067 0.072627 0.123915
