3 0.27007400000000004 0.642795 0.042752 0.059317
7 0.22037799999999996 0.25463 0.054036 0.074653
6 0.77474 0.5133099999999999 0.040365 0.068287
8 0.20703099999999997 0.491753 0.078559 0.231192
12 0.45171399999999995 0.280382 0.154731 0.086806
14 0.516168 0.882668 0.107856 0.090567
14 0.46224 0.5379050000000001 0.141493 0.114583
14 0.403103 0.13686299999999996 0.099609 0.092593
16 0.48578600000000005 0.683449 0.145182 0.145255
0 0.701172 0.502459 0.075521 0.07147
4 0.474067 0.417679 0.123915 0.072627
