0 0.37651900000000005 0.802083 0.092448 0.074074
6 0.15191 0.18084500000000003 0.06033 0.091435
6 0.304905 0.349537 0.063368 0.113426
10 0.968859 0.435041 0.062283 0.187211
3 0.86849 0.546152 0.06033 0.102141
12 0.71658 0.630208 0.121962 0.056713
15 0.07269999999999999 0.26056100000000004 0.03776 0.078993
14 0.575195 0.625145 0.057075 0.069734
17 0.49945700000000004 0.733073 0.058377 0.081887
2 0.2836369999999999 0.17997700000000005 0.075521 0.087384
2 0.376845 0.469039 0.069661 0.076389
5 0.2723519999999999 0.614439 0.042969 0.150174
4 0.17578099999999997 0.3370949999999999 0.101128 0.064236
