2 0.623481 0.802083 0.092448 0.074074
6 0.84809 0.180845 0.06033 0.091435
6 0.695095 0.349537 0.063368 0.113426
8 0.031140999999999974 0.435041 0.062283 0.187211
3 0.13151000000000002 0.546152 0.06033 0.102141
12 0.28342 0.630208 0.121962 0.056713
15 0.9273 0.260561 0.03776 0.078993
14 0.424805 0.625145 0.057075 0.069734
17 0.500543 0.733073 0.058377 0.081887
0 0.7163630000000001 0.179977 0.075521 0.087384
0 0.623155 0.469039 0.069661 0.076389
5 0.7276480000000001 0.614439 0.042969 0.150174
4 0.824219 0.337095 0.101128 0.064236
