2 0.642795 0.27007400000000004 0.059317 0.042752
6 0.25463 0.22037799999999996 0.074653 0.054036
7 0.5133099999999999 0.77474 0.068287 0.040365
9 0.491753 0.20703099999999997 0.231192 0.078559
13 0.280382 0.45171399999999995 0.086806 0.154731
15 0.882668 0.516168 0.090567 0.107856
15 0.5379050000000001 0.46224 0.114583 0.141493
15 0.13686299999999996 0.403103 0.092593 0.099609
17 0.683449 0.48578600000000005 0.145255 0.145182
1 0.502459 0.701172 0.07147 0.075521
5 0.417679 0.474067 0.072627 0.123915
