7 0.384115 0.686089 0.061632 0.042318
7 0.386429 0.5223519999999999 0.070891 0.039062
7 0.509838 0.916558 0.056134 0.029731
7 0.523872 0.28287799999999996 0.05353 0.033203
11 0.500145 0.97526 0.087095 0.036458
13 0.516493 0.7551 0.048611 0.091363
15 0.514757 0.846137 0.061343 0.062066
17 0.515336 0.5234380000000001 0.060764 0.057726
1 0.521846 0.43055600000000005 0.052951 0.049479
1 0.527922 0.350043 0.047743 0.053819
5 0.512153 0.633464 0.042824 0.090278
5 0.534578 0.19205700000000003 0.047164 0.088542
