1 0.264034 0.654622 0.05353 0.04362
6 0.532552 0.335286 0.05353 0.073785
6 0.518663 0.584201 0.105035 0.066406
8 0.368634 0.581272 0.090856 0.067057
0 0.39727999999999997 0.706814 0.070023 0.033854
12 0.697193 0.310872 0.092882 0.03928
14 0.5044850000000001 0.703885 0.085359 0.052734
16 0.6807000000000001 0.581055 0.091725 0.057075
4 0.6873549999999999 0.423828 0.094618 0.029948
4 0.652054 0.701063 0.090567 0.037977
4 0.42780700000000005 0.32997 0.088831 0.038411
5 0.277633 0.382161 0.051794 0.076389
5 0.265336 0.539714 0.046875 0.090278
