2 0.623481 0.197917 0.092448 0.074074
6 0.84809 0.819155 0.06033 0.091435
6 0.695095 0.650463 0.063368 0.113426
8 0.031140999999999974 0.564959 0.062283 0.187211
1 0.13151000000000002 0.45384800000000003 0.06033 0.102141
12 0.28342 0.369792 0.121962 0.056713
15 0.9273 0.739439 0.03776 0.078993
14 0.424805 0.37485500000000005 0.057075 0.069734
17 0.500543 0.266927 0.058377 0.081887
0 0.7163630000000001 0.820023 0.075521 0.087384
0 0.623155 0.530961 0.069661 0.076389
5 0.7276480000000001 0.38556100000000004 0.042969 0.150174
4 0.824219 0.6629050000000001 0.101128 0.064236
