0 0.654622 0.735966 0.04362 0.05353
7 0.335286 0.467448 0.073785 0.05353
7 0.584201 0.481337 0.066406 0.105035
11 0.581272 0.631366 0.067057 0.090856
3 0.706814 0.60272 0.033854 0.070023
13 0.31087200000000004 0.30280700000000005 0.03928 0.092882
15 0.703885 0.4955149999999999 0.052734 0.085359
17 0.581055 0.3192999999999999 0.057075 0.091725
5 0.423828 0.31264500000000006 0.029948 0.094618
5 0.701063 0.347946 0.037977 0.090567
5 0.32997 0.572193 0.038411 0.088831
4 0.382161 0.722367 0.076389 0.051794
4 0.539714 0.734664 0.090278 0.046875
