7 0.615885 0.686089 0.061632 0.042318
7 0.613571 0.5223519999999999 0.070891 0.039062
7 0.490162 0.916558 0.056134 0.029731
7 0.476128 0.28287799999999996 0.05353 0.033203
11 0.49985500000000005 0.97526 0.087095 0.036458
13 0.483507 0.7551 0.048611 0.091363
15 0.485243 0.846137 0.061343 0.062066
17 0.484664 0.5234380000000001 0.060764 0.057726
1 0.47815399999999997 0.43055600000000005 0.052951 0.049479
1 0.472078 0.350043 0.047743 0.053819
5 0.48784700000000003 0.633464 0.042824 0.090278
5 0.465422 0.19205700000000003 0.047164 0.088542
