6 0.081176 0.446364 0.030588 0.028485
6 0.086863 0.179394 0.032549 0.032121
6 0.087451 0.092424 0.030588 0.039394
6 0.087451 0.883939 0.037647 0.030303
6 0.089412 0.622727 0.033725 0.036364
6 0.089804 0.711515 0.031373 0.03697
6 0.09 0.267424 0.034118 0.031818
6 0.090588 0.800152 0.031373 0.03303
6 0.092353 0.354697 0.032549 0.031212
6 0.094902 0.533485 0.036863 0.032424
6 0.197059 0.535303 0.035686 0.032424
6 0.199608 0.090455 0.036078 0.033636
6 0.199804 0.265758 0.032549 0.029091
6 0.200588 0.354545 0.03098 0.029697
6 0.201569 0.441061 0.032941 0.030606
6 0.202157 0.708485 0.034902 0.032121
6 0.203137 0.886818 0.035294 0.026364
6 0.204902 0.180758 0.032549 0.034848
6 0.205882 0.62 0.030588 0.032121
6 0.206471 0.798182 0.038824 0.033939
6 0.312549 0.090758 0.036078 0.033636
6 0.312941 0.352879 0.031373 0.030606
6 0.314706 0.620606 0.033333 0.033939
6 0.31549 0.884394 0.036471 0.032424
6 0.316275 0.267273 0.031765 0.029697
6 0.317059 0.179242 0.033333 0.031212
6 0.318235 0.533182 0.035686 0.03303
6 0.319412 0.444091 0.033333 0.028788
6 0.319608 0.709545 0.036078 0.027576
6 0.324706 0.79803 0.036078 0.030606
6 0.421765 0.535909 0.035686 0.034242
6 0.427451 0.711515 0.035294 0.031515
6 0.428627 0.267424 0.032157 0.03303
6 0.429608 0.179545 0.033333 0.031212
6 0.432353 0.443788 0.038039 0.031212
6 0.432353 0.886667 0.033333 0.033939
6 0.432941 0.798788 0.033725 0.031515
6 0.433333 0.353485 0.032941 0.03
6 0.43451 0.619697 0.036863 0.031515
6 0.434706 0.091515 0.036471 0.03697
6 0.536275 0.443788 0.034118 0.028788
6 0.537451 0.534242 0.033333 0.033939
6 0.540392 0.800455 0.03451 0.031818
6 0.540588 0.093333 0.033333 0.030303
6 0.541569 0.617727 0.03451 0.033636
6 0.541569 0.713485 0.037647 0.03303
6 0.543137 0.354697 0.03451 0.034848
6 0.543725 0.180606 0.031765 0.032727
6 0.547255 0.267727 0.03098 0.030606
6 0.550588 0.886818 0.036078 0.030606
6 0.651373 0.266515 0.02902 0.031212
6 0.653725 0.446667 0.032941 0.032121
6 0.65549 0.09303 0.037255 0.032727
6 0.655882 0.886364 0.038824 0.030303
6 0.656471 0.535303 0.036078 0.031818
6 0.657843 0.179848 0.032549 0.03
6 0.658039 0.622879 0.033725 0.031212
6 0.659412 0.355303 0.033333 0.033636
6 0.66 0.712576 0.040784 0.031818
6 0.662745 0.798485 0.02902 0.027273
6 0.763529 0.182273 0.028235 0.030606
6 0.764706 0.624545 0.036078 0.033939
6 0.766275 0.092576 0.030588 0.03303
6 0.767843 0.354545 0.035294 0.031515
6 0.768431 0.267424 0.027843 0.030606
6 0.769216 0.445 0.034118 0.030606
6 0.769216 0.888485 0.037255 0.030909
6 0.769804 0.714091 0.031373 0.033636
6 0.770784 0.798333 0.036471 0.029394
6 0.773922 0.53697 0.034902 0.029091
6 0.875098 0.09197 0.032549 0.03303
6 0.878039 0.44697 0.036078 0.030303
6 0.879216 0.622727 0.031373 0.029697
6 0.880392 0.265 0.031373 0.031212
6 0.881176 0.182273 0.028235 0.030606
6 0.881765 0.71303 0.036471 0.032121
6 0.883529 0.889242 0.037647 0.030606
6 0.885686 0.537121 0.036471 0.034848
6 0.888039 0.802273 0.034118 0.029394
6 0.888431 0.355909 0.031765 0.029394
