7 0.446364 0.918824 0.028485 0.030588
7 0.17939400000000005 0.913137 0.032121 0.032549
7 0.09242400000000006 0.912549 0.039394 0.030588
7 0.883939 0.912549 0.030303 0.037647
7 0.622727 0.910588 0.036364 0.033725
7 0.711515 0.910196 0.03697 0.031373
7 0.267424 0.91 0.031818 0.034118
7 0.800152 0.909412 0.03303 0.031373
7 0.35469700000000004 0.907647 0.031212 0.032549
7 0.533485 0.905098 0.032424 0.036863
7 0.535303 0.802941 0.032424 0.035686
7 0.09045499999999995 0.800392 0.033636 0.036078
7 0.26575799999999994 0.800196 0.029091 0.032549
7 0.354545 0.799412 0.029697 0.03098
7 0.4410609999999999 0.798431 0.030606 0.032941
7 0.708485 0.797843 0.032121 0.034902
7 0.886818 0.796863 0.026364 0.035294
7 0.18075799999999997 0.795098 0.034848 0.032549
7 0.62 0.794118 0.032121 0.030588
7 0.798182 0.793529 0.033939 0.038824
7 0.090758 0.687451 0.033636 0.036078
7 0.35287899999999994 0.687059 0.030606 0.031373
7 0.620606 0.6852940000000001 0.033939 0.033333
7 0.884394 0.68451 0.032424 0.036471
7 0.267273 0.683725 0.029697 0.031765
7 0.179242 0.682941 0.031212 0.033333
7 0.533182 0.681765 0.03303 0.035686
7 0.444091 0.680588 0.028788 0.033333
7 0.709545 0.680392 0.027576 0.036078
7 0.79803 0.6752940000000001 0.030606 0.036078
7 0.535909 0.578235 0.034242 0.035686
7 0.711515 0.572549 0.031515 0.035294
7 0.267424 0.571373 0.03303 0.032157
7 0.17954500000000007 0.570392 0.031212 0.033333
7 0.44378800000000007 0.567647 0.031212 0.038039
7 0.886667 0.567647 0.033939 0.033333
7 0.798788 0.567059 0.031515 0.033725
7 0.35348500000000005 0.566667 0.03 0.032941
7 0.619697 0.56549 0.031515 0.036863
7 0.09151500000000001 0.565294 0.03697 0.036471
7 0.44378800000000007 0.46372500000000005 0.028788 0.034118
7 0.534242 0.462549 0.033939 0.033333
7 0.800455 0.459608 0.031818 0.03451
7 0.093333 0.45941200000000004 0.030303 0.033333
7 0.617727 0.45843100000000003 0.033636 0.03451
7 0.713485 0.45843100000000003 0.03303 0.037647
7 0.35469700000000004 0.456863 0.034848 0.03451
7 0.18060600000000004 0.456275 0.032727 0.031765
7 0.26772700000000005 0.45274499999999995 0.030606 0.03098
7 0.886818 0.44941200000000003 0.030606 0.036078
7 0.26651500000000006 0.348627 0.031212 0.02902
7 0.4466669999999999 0.346275 0.032121 0.032941
7 0.09302999999999995 0.34451 0.032727 0.037255
7 0.886364 0.34411800000000003 0.030303 0.038824
7 0.535303 0.343529 0.031818 0.036078
7 0.179848 0.34215700000000004 0.03 0.032549
7 0.622879 0.34196099999999996 0.031212 0.033725
7 0.3553029999999999 0.340588 0.033636 0.033333
7 0.712576 0.33999999999999997 0.031818 0.040784
7 0.798485 0.33725499999999997 0.027273 0.02902
7 0.18227300000000002 0.236471 0.030606 0.028235
7 0.624545 0.235294 0.033939 0.036078
7 0.09257599999999999 0.23372499999999996 0.03303 0.030588
7 0.354545 0.23215699999999995 0.031515 0.035294
7 0.267424 0.23156900000000002 0.030606 0.027843
7 0.44500000000000006 0.230784 0.030606 0.034118
7 0.888485 0.230784 0.030909 0.037255
7 0.714091 0.23019599999999996 0.033636 0.031373
7 0.798333 0.22921599999999998 0.029394 0.036471
7 0.53697 0.226078 0.029091 0.034902
7 0.09197 0.12490199999999996 0.03303 0.032549
7 0.44697 0.12196099999999999 0.030303 0.036078
7 0.622727 0.120784 0.029697 0.031373
7 0.265 0.11960800000000005 0.031212 0.031373
7 0.18227300000000002 0.11882400000000004 0.030606 0.028235
7 0.71303 0.11823499999999998 0.032121 0.036471
7 0.889242 0.11647099999999999 0.030606 0.037647
7 0.537121 0.11431400000000003 0.034848 0.036471
7 0.802273 0.11196099999999998 0.029394 0.034118
7 0.35590900000000003 0.11156900000000003 0.029394 0.031765
