6 0.082745 0.269545 0.033725 0.026364
6 0.084314 0.355455 0.033725 0.026667
6 0.086667 0.800758 0.036863 0.026364
6 0.087059 0.444848 0.04 0.024242
6 0.088824 0.71303 0.041961 0.024242
6 0.08902 0.180455 0.033725 0.026364
6 0.089412 0.088485 0.038431 0.022424
6 0.089412 0.620455 0.037647 0.025758
6 0.090784 0.536364 0.036471 0.024242
6 0.091569 0.886515 0.038824 0.025152
6 0.196667 0.887121 0.031765 0.025152
6 0.198824 0.356818 0.033725 0.026364
6 0.199804 0.71197 0.031765 0.024545
6 0.200392 0.088636 0.035294 0.021515
6 0.200588 0.181667 0.032549 0.024545
6 0.201765 0.267121 0.033333 0.026364
6 0.202353 0.532727 0.036863 0.024242
6 0.204314 0.800152 0.035294 0.024545
6 0.206863 0.622424 0.038824 0.023636
6 0.208039 0.442424 0.038824 0.025455
6 0.310196 0.712424 0.039216 0.026667
6 0.310588 0.268333 0.033725 0.026364
6 0.311373 0.443333 0.033725 0.026667
6 0.314706 0.090758 0.038039 0.021515
6 0.314706 0.801061 0.038039 0.024545
6 0.314902 0.887576 0.037647 0.023636
6 0.315294 0.359545 0.035294 0.023333
6 0.317255 0.622576 0.032941 0.02697
6 0.317647 0.532727 0.032157 0.028485
6 0.319804 0.185455 0.033333 0.026667
6 0.421373 0.887424 0.038824 0.025758
6 0.423333 0.625152 0.035686 0.026667
6 0.424706 0.090758 0.035294 0.022727
6 0.42549 0.802121 0.038431 0.023636
6 0.425686 0.266061 0.040392 0.022424
6 0.426471 0.535152 0.036471 0.026061
6 0.426863 0.359242 0.033333 0.026364
6 0.427647 0.446364 0.036471 0.024242
6 0.432353 0.182576 0.033333 0.026364
6 0.440784 0.709242 0.038431 0.026364
6 0.537451 0.801667 0.037255 0.024545
6 0.539608 0.444545 0.036863 0.024242
6 0.539608 0.626667 0.032941 0.026667
6 0.540196 0.183182 0.033333 0.026364
6 0.540784 0.094242 0.035294 0.027273
6 0.541569 0.356364 0.033725 0.026667
6 0.542549 0.710152 0.037255 0.026364
6 0.545098 0.533636 0.03451 0.025455
6 0.547843 0.265152 0.033725 0.026667
6 0.54902 0.887727 0.039216 0.025758
6 0.644706 0.535758 0.03451 0.025455
6 0.652941 0.265455 0.033725 0.026667
6 0.653333 0.710758 0.042353 0.025152
6 0.654314 0.356818 0.033333 0.026364
6 0.654902 0.182121 0.037647 0.026667
6 0.655098 0.800758 0.037255 0.025152
6 0.657647 0.626667 0.036863 0.024848
6 0.657843 0.446061 0.040392 0.025455
6 0.658039 0.88803 0.039216 0.025758
6 0.66 0.094242 0.04 0.024242
6 0.76549 0.356667 0.033725 0.026667
6 0.765686 0.887727 0.040392 0.02697
6 0.767255 0.270758 0.040392 0.023333
6 0.768039 0.446364 0.040392 0.025455
6 0.768235 0.801667 0.037647 0.024545
6 0.770784 0.53697 0.038824 0.024242
6 0.771961 0.182879 0.037255 0.023939
6 0.772157 0.71197 0.032157 0.026364
6 0.774118 0.092879 0.035294 0.023333
6 0.775098 0.625152 0.037255 0.024242
6 0.859412 0.801364 0.033333 0.023333
6 0.874314 0.358636 0.029412 0.024545
6 0.876471 0.448182 0.035294 0.026667
6 0.877647 0.626515 0.035294 0.028788
6 0.877843 0.887727 0.034902 0.026364
6 0.878039 0.537576 0.033725 0.025455
6 0.879608 0.095758 0.036863 0.025455
6 0.880392 0.712576 0.036078 0.025152
6 0.882157 0.271061 0.033333 0.026364
6 0.884118 0.182727 0.040392 0.025455
