6 0.918824 0.553636 0.030588 0.028485
6 0.913137 0.820606 0.032549 0.032121
6 0.912549 0.9075759999999999 0.030588 0.039394
6 0.912549 0.11606099999999997 0.037647 0.030303
6 0.910588 0.37727299999999997 0.033725 0.036364
6 0.910196 0.288485 0.031373 0.03697
6 0.91 0.732576 0.034118 0.031818
6 0.909412 0.19984800000000003 0.031373 0.03303
6 0.907647 0.645303 0.032549 0.031212
6 0.905098 0.466515 0.036863 0.032424
6 0.802941 0.464697 0.035686 0.032424
6 0.800392 0.909545 0.036078 0.033636
6 0.800196 0.7342420000000001 0.032549 0.029091
6 0.799412 0.645455 0.03098 0.029697
6 0.798431 0.5589390000000001 0.032941 0.030606
6 0.797843 0.29151499999999997 0.034902 0.032121
6 0.796863 0.113182 0.035294 0.026364
6 0.795098 0.819242 0.032549 0.034848
6 0.794118 0.38 0.030588 0.032121
6 0.793529 0.20181800000000005 0.038824 0.033939
6 0.687451 0.909242 0.036078 0.033636
6 0.687059 0.6471210000000001 0.031373 0.030606
6 0.6852940000000001 0.379394 0.033333 0.033939
6 0.68451 0.11560599999999999 0.036471 0.032424
6 0.683725 0.732727 0.031765 0.029697
6 0.682941 0.820758 0.033333 0.031212
6 0.681765 0.46681799999999996 0.035686 0.03303
6 0.680588 0.555909 0.033333 0.028788
6 0.680392 0.290455 0.036078 0.027576
6 0.6752940000000001 0.20196999999999998 0.036078 0.030606
6 0.578235 0.46409100000000003 0.035686 0.034242
6 0.572549 0.288485 0.035294 0.031515
6 0.571373 0.732576 0.032157 0.03303
6 0.570392 0.8204549999999999 0.033333 0.031212
6 0.567647 0.5562119999999999 0.038039 0.031212
6 0.567647 0.11333300000000002 0.033333 0.033939
6 0.567059 0.20121199999999995 0.033725 0.031515
6 0.566667 0.646515 0.032941 0.03
6 0.56549 0.38030299999999995 0.036863 0.031515
6 0.565294 0.908485 0.036471 0.03697
6 0.46372500000000005 0.5562119999999999 0.034118 0.028788
6 0.462549 0.465758 0.033333 0.033939
6 0.459608 0.19954499999999997 0.03451 0.031818
6 0.45941200000000004 0.906667 0.033333 0.030303
6 0.45843100000000003 0.382273 0.03451 0.033636
6 0.45843100000000003 0.28651499999999996 0.037647 0.03303
6 0.456863 0.645303 0.03451 0.034848
6 0.456275 0.819394 0.031765 0.032727
6 0.45274499999999995 0.732273 0.03098 0.030606
6 0.44941200000000003 0.113182 0.036078 0.030606
6 0.348627 0.7334849999999999 0.02902 0.031212
6 0.346275 0.5533330000000001 0.032941 0.032121
6 0.34451 0.90697 0.037255 0.032727
6 0.34411800000000003 0.11363599999999996 0.038824 0.030303
6 0.343529 0.464697 0.036078 0.031818
6 0.34215700000000004 0.820152 0.032549 0.03
6 0.34196099999999996 0.37712100000000004 0.033725 0.031212
6 0.340588 0.6446970000000001 0.033333 0.033636
6 0.33999999999999997 0.287424 0.040784 0.031818
6 0.33725499999999997 0.201515 0.02902 0.027273
6 0.236471 0.817727 0.028235 0.030606
6 0.235294 0.375455 0.036078 0.033939
6 0.23372499999999996 0.907424 0.030588 0.03303
6 0.23215699999999995 0.645455 0.035294 0.031515
6 0.23156900000000002 0.732576 0.027843 0.030606
6 0.230784 0.5549999999999999 0.034118 0.030606
6 0.230784 0.11151500000000003 0.037255 0.030909
6 0.23019599999999996 0.28590899999999997 0.031373 0.033636
6 0.22921599999999998 0.20166700000000004 0.036471 0.029394
6 0.226078 0.46303000000000005 0.034902 0.029091
6 0.12490199999999996 0.90803 0.032549 0.03303
6 0.12196099999999999 0.55303 0.036078 0.030303
6 0.120784 0.37727299999999997 0.031373 0.029697
6 0.11960800000000005 0.735 0.031373 0.031212
6 0.11882400000000004 0.817727 0.028235 0.030606
6 0.11823499999999998 0.28696999999999995 0.036471 0.032121
6 0.11647099999999999 0.11075800000000002 0.037647 0.030606
6 0.11431400000000003 0.46287900000000004 0.036471 0.034848
6 0.11196099999999998 0.19772699999999999 0.034118 0.029394
6 0.11156900000000003 0.644091 0.031765 0.029394
