7 0.2695449999999999 0.917255 0.026364 0.033725
7 0.3554550000000001 0.915686 0.026667 0.033725
7 0.800758 0.913333 0.026364 0.036863
7 0.444848 0.912941 0.024242 0.04
7 0.71303 0.911176 0.024242 0.041961
7 0.18045500000000003 0.91098 0.026364 0.033725
7 0.08848500000000004 0.910588 0.022424 0.038431
7 0.620455 0.910588 0.025758 0.037647
7 0.536364 0.909216 0.024242 0.036471
7 0.886515 0.908431 0.025152 0.038824
7 0.887121 0.803333 0.025152 0.031765
7 0.3568180000000001 0.801176 0.026364 0.033725
7 0.71197 0.800196 0.024545 0.031765
7 0.08863600000000005 0.799608 0.021515 0.035294
7 0.18166700000000002 0.799412 0.024545 0.032549
7 0.26712099999999994 0.798235 0.026364 0.033333
7 0.532727 0.797647 0.024242 0.036863
7 0.800152 0.795686 0.024545 0.035294
7 0.622424 0.793137 0.023636 0.038824
7 0.44242399999999993 0.791961 0.025455 0.038824
7 0.712424 0.689804 0.026667 0.039216
7 0.26833299999999993 0.689412 0.026364 0.033725
7 0.443333 0.688627 0.026667 0.033725
7 0.090758 0.6852940000000001 0.021515 0.038039
7 0.801061 0.6852940000000001 0.024545 0.038039
7 0.887576 0.685098 0.023636 0.037647
7 0.359545 0.684706 0.023333 0.035294
7 0.622576 0.6827449999999999 0.02697 0.032941
7 0.532727 0.682353 0.028485 0.032157
7 0.18545500000000004 0.680196 0.026667 0.033333
7 0.887424 0.578627 0.025758 0.038824
7 0.625152 0.576667 0.026667 0.035686
7 0.090758 0.575294 0.022727 0.035294
7 0.802121 0.5745100000000001 0.023636 0.038431
7 0.266061 0.574314 0.022424 0.040392
7 0.535152 0.573529 0.026061 0.036471
7 0.35924200000000006 0.573137 0.026364 0.033333
7 0.446364 0.572353 0.024242 0.036471
7 0.18257599999999996 0.567647 0.026364 0.033333
7 0.709242 0.5592159999999999 0.026364 0.038431
7 0.801667 0.462549 0.024545 0.037255
7 0.44454499999999997 0.460392 0.024242 0.036863
7 0.626667 0.460392 0.026667 0.032941
7 0.18318199999999996 0.459804 0.026364 0.033333
7 0.09424200000000005 0.45921599999999996 0.027273 0.035294
7 0.356364 0.45843100000000003 0.026667 0.033725
7 0.710152 0.45745100000000005 0.026364 0.037255
7 0.533636 0.45490200000000003 0.025455 0.03451
7 0.26515200000000005 0.45215700000000003 0.026667 0.033725
7 0.887727 0.45098000000000005 0.025758 0.039216
7 0.535758 0.355294 0.025455 0.03451
7 0.265455 0.347059 0.026667 0.033725
7 0.710758 0.34666699999999995 0.025152 0.042353
7 0.3568180000000001 0.34568600000000005 0.026364 0.033333
7 0.18212099999999998 0.345098 0.026667 0.037647
7 0.800758 0.34490200000000004 0.025152 0.037255
7 0.626667 0.342353 0.024848 0.036863
7 0.44606100000000004 0.34215700000000004 0.025455 0.040392
7 0.88803 0.34196099999999996 0.025758 0.039216
7 0.09424200000000005 0.33999999999999997 0.024242 0.04
7 0.35666700000000007 0.23451 0.026667 0.033725
7 0.887727 0.23431400000000002 0.02697 0.040392
7 0.27075800000000005 0.23274499999999998 0.023333 0.040392
7 0.446364 0.23196099999999997 0.025455 0.040392
7 0.801667 0.231765 0.024545 0.037647
7 0.53697 0.22921599999999998 0.024242 0.038824
7 0.182879 0.228039 0.023939 0.037255
7 0.71197 0.22784300000000002 0.026364 0.032157
7 0.09287900000000004 0.22588200000000003 0.023333 0.035294
7 0.625152 0.22490200000000005 0.024242 0.037255
7 0.801364 0.14058800000000005 0.023333 0.033333
7 0.35863599999999995 0.12568599999999996 0.024545 0.029412
7 0.4481820000000001 0.123529 0.026667 0.035294
7 0.626515 0.12235300000000005 0.028788 0.035294
7 0.887727 0.12215699999999996 0.026364 0.034902
7 0.537576 0.12196099999999999 0.025455 0.033725
7 0.09575800000000001 0.12039200000000005 0.025455 0.036863
7 0.712576 0.11960800000000005 0.025152 0.036078
7 0.271061 0.11784300000000003 0.026364 0.033333
7 0.18272699999999997 0.11588200000000004 0.025455 0.040392
