6 0.08274499999999996 0.7304550000000001 0.033725 0.026364
6 0.084314 0.6445449999999999 0.033725 0.026667
6 0.08666700000000005 0.19924200000000003 0.036863 0.026364
6 0.087059 0.555152 0.04 0.024242
6 0.08882400000000001 0.28696999999999995 0.041961 0.024242
6 0.08901999999999999 0.819545 0.033725 0.026364
6 0.08941200000000005 0.911515 0.038431 0.022424
6 0.08941200000000005 0.379545 0.037647 0.025758
6 0.09078399999999998 0.46363600000000005 0.036471 0.024242
6 0.09156900000000001 0.11348499999999995 0.038824 0.025152
6 0.19666700000000004 0.11287899999999995 0.031765 0.025152
6 0.198824 0.6431819999999999 0.033725 0.026364
6 0.19980399999999998 0.28803 0.031765 0.024545
6 0.20039200000000001 0.911364 0.035294 0.021515
6 0.200588 0.818333 0.032549 0.024545
6 0.20176499999999997 0.7328790000000001 0.033333 0.026364
6 0.202353 0.46727300000000005 0.036863 0.024242
6 0.204314 0.19984800000000003 0.035294 0.024545
6 0.20686300000000002 0.377576 0.038824 0.023636
6 0.20803899999999997 0.5575760000000001 0.038824 0.025455
6 0.310196 0.28757600000000005 0.039216 0.026667
6 0.310588 0.7316670000000001 0.033725 0.026364
6 0.311373 0.556667 0.033725 0.026667
6 0.31470599999999993 0.909242 0.038039 0.021515
6 0.31470599999999993 0.19893899999999998 0.038039 0.024545
6 0.314902 0.11242399999999997 0.037647 0.023636
6 0.31529399999999996 0.640455 0.035294 0.023333
6 0.31725500000000006 0.377424 0.032941 0.02697
6 0.317647 0.46727300000000005 0.032157 0.028485
6 0.319804 0.814545 0.033333 0.026667
6 0.421373 0.11257600000000001 0.038824 0.025758
6 0.42333299999999996 0.37484799999999996 0.035686 0.026667
6 0.42470600000000003 0.909242 0.035294 0.022727
6 0.4254899999999999 0.19787900000000003 0.038431 0.023636
6 0.425686 0.733939 0.040392 0.022424
6 0.42647100000000004 0.46484800000000004 0.036471 0.026061
6 0.426863 0.6407579999999999 0.033333 0.026364
6 0.427647 0.553636 0.036471 0.024242
6 0.432353 0.817424 0.033333 0.026364
6 0.44078400000000006 0.29075799999999996 0.038431 0.026364
6 0.537451 0.19833299999999998 0.037255 0.024545
6 0.539608 0.555455 0.036863 0.024242
6 0.539608 0.373333 0.032941 0.026667
6 0.540196 0.816818 0.033333 0.026364
6 0.540784 0.905758 0.035294 0.027273
6 0.541569 0.643636 0.033725 0.026667
6 0.542549 0.289848 0.037255 0.026364
6 0.545098 0.466364 0.03451 0.025455
6 0.547843 0.734848 0.033725 0.026667
6 0.54902 0.11227299999999996 0.039216 0.025758
6 0.644706 0.46424200000000004 0.03451 0.025455
6 0.652941 0.734545 0.033725 0.026667
6 0.653333 0.289242 0.042353 0.025152
6 0.654314 0.6431819999999999 0.033333 0.026364
6 0.654902 0.817879 0.037647 0.026667
6 0.655098 0.19924200000000003 0.037255 0.025152
6 0.657647 0.373333 0.036863 0.024848
6 0.657843 0.553939 0.040392 0.025455
6 0.658039 0.11197000000000001 0.039216 0.025758
6 0.66 0.905758 0.04 0.024242
6 0.76549 0.6433329999999999 0.033725 0.026667
6 0.765686 0.11227299999999996 0.040392 0.02697
6 0.767255 0.729242 0.040392 0.023333
6 0.768039 0.553636 0.040392 0.025455
6 0.768235 0.19833299999999998 0.037647 0.024545
6 0.770784 0.46303000000000005 0.038824 0.024242
6 0.771961 0.817121 0.037255 0.023939
6 0.772157 0.28803 0.032157 0.026364
6 0.774118 0.907121 0.035294 0.023333
6 0.775098 0.37484799999999996 0.037255 0.024242
6 0.859412 0.19863600000000003 0.033333 0.023333
6 0.874314 0.641364 0.029412 0.024545
6 0.876471 0.5518179999999999 0.035294 0.026667
6 0.877647 0.37348499999999996 0.035294 0.028788
6 0.877843 0.11227299999999996 0.034902 0.026364
6 0.878039 0.46242399999999995 0.033725 0.025455
6 0.879608 0.904242 0.036863 0.025455
6 0.880392 0.287424 0.036078 0.025152
6 0.882157 0.728939 0.033333 0.026364
6 0.884118 0.817273 0.040392 0.025455
