7 0.7304550000000001 0.082745 0.026364 0.033725
7 0.6445449999999999 0.084314 0.026667 0.033725
7 0.19924200000000003 0.086667 0.026364 0.036863
7 0.555152 0.087059 0.024242 0.04
7 0.28696999999999995 0.088824 0.024242 0.041961
7 0.819545 0.08902 0.026364 0.033725
7 0.911515 0.089412 0.022424 0.038431
7 0.379545 0.089412 0.025758 0.037647
7 0.46363600000000005 0.090784 0.024242 0.036471
7 0.11348499999999995 0.091569 0.025152 0.038824
7 0.11287899999999995 0.196667 0.025152 0.031765
7 0.6431819999999999 0.198824 0.026364 0.033725
7 0.28803 0.199804 0.024545 0.031765
7 0.911364 0.200392 0.021515 0.035294
7 0.818333 0.200588 0.024545 0.032549
7 0.7328790000000001 0.201765 0.026364 0.033333
7 0.46727300000000005 0.202353 0.024242 0.036863
7 0.19984800000000003 0.204314 0.024545 0.035294
7 0.377576 0.206863 0.023636 0.038824
7 0.5575760000000001 0.208039 0.025455 0.038824
7 0.28757600000000005 0.310196 0.026667 0.039216
7 0.7316670000000001 0.310588 0.026364 0.033725
7 0.556667 0.311373 0.026667 0.033725
7 0.909242 0.314706 0.021515 0.038039
7 0.19893899999999998 0.314706 0.024545 0.038039
7 0.11242399999999997 0.314902 0.023636 0.037647
7 0.640455 0.315294 0.023333 0.035294
7 0.377424 0.317255 0.02697 0.032941
7 0.46727300000000005 0.317647 0.028485 0.032157
7 0.814545 0.319804 0.026667 0.033333
7 0.11257600000000001 0.421373 0.025758 0.038824
7 0.37484799999999996 0.423333 0.026667 0.035686
7 0.909242 0.424706 0.022727 0.035294
7 0.19787900000000003 0.42549 0.023636 0.038431
7 0.733939 0.425686 0.022424 0.040392
7 0.46484800000000004 0.426471 0.026061 0.036471
7 0.6407579999999999 0.426863 0.026364 0.033333
7 0.553636 0.427647 0.024242 0.036471
7 0.817424 0.432353 0.026364 0.033333
7 0.29075799999999996 0.440784 0.026364 0.038431
7 0.19833299999999998 0.537451 0.024545 0.037255
7 0.555455 0.539608 0.024242 0.036863
7 0.373333 0.539608 0.026667 0.032941
7 0.816818 0.540196 0.026364 0.033333
7 0.905758 0.540784 0.027273 0.035294
7 0.643636 0.541569 0.026667 0.033725
7 0.289848 0.542549 0.026364 0.037255
7 0.466364 0.545098 0.025455 0.03451
7 0.734848 0.547843 0.026667 0.033725
7 0.11227299999999996 0.54902 0.025758 0.039216
7 0.46424200000000004 0.644706 0.025455 0.03451
7 0.734545 0.652941 0.026667 0.033725
7 0.289242 0.653333 0.025152 0.042353
7 0.6431819999999999 0.654314 0.026364 0.033333
7 0.817879 0.654902 0.026667 0.037647
7 0.19924200000000003 0.655098 0.025152 0.037255
7 0.373333 0.657647 0.024848 0.036863
7 0.553939 0.657843 0.025455 0.040392
7 0.11197000000000001 0.658039 0.025758 0.039216
7 0.905758 0.66 0.024242 0.04
7 0.6433329999999999 0.76549 0.026667 0.033725
7 0.11227299999999996 0.765686 0.02697 0.040392
7 0.729242 0.767255 0.023333 0.040392
7 0.553636 0.768039 0.025455 0.040392
7 0.19833299999999998 0.768235 0.024545 0.037647
7 0.46303000000000005 0.770784 0.024242 0.038824
7 0.817121 0.771961 0.023939 0.037255
7 0.28803 0.772157 0.026364 0.032157
7 0.907121 0.774118 0.023333 0.035294
7 0.37484799999999996 0.775098 0.024242 0.037255
7 0.19863600000000003 0.859412 0.023333 0.033333
7 0.641364 0.874314 0.024545 0.029412
7 0.5518179999999999 0.876471 0.026667 0.035294
7 0.37348499999999996 0.877647 0.028788 0.035294
7 0.11227299999999996 0.877843 0.026364 0.034902
7 0.46242399999999995 0.878039 0.025455 0.033725
7 0.904242 0.879608 0.025455 0.036863
7 0.287424 0.880392 0.025152 0.036078
7 0.728939 0.882157 0.026364 0.033333
7 0.817273 0.884118 0.025455 0.040392
