7 0.2695449999999999 0.08274499999999996 0.026364 0.033725
7 0.3554550000000001 0.084314 0.026667 0.033725
7 0.800758 0.08666700000000005 0.026364 0.036863
7 0.444848 0.087059 0.024242 0.04
7 0.71303 0.08882400000000001 0.024242 0.041961
7 0.18045500000000003 0.08901999999999999 0.026364 0.033725
7 0.08848500000000004 0.08941200000000005 0.022424 0.038431
7 0.620455 0.08941200000000005 0.025758 0.037647
7 0.536364 0.09078399999999998 0.024242 0.036471
7 0.886515 0.09156900000000001 0.025152 0.038824
7 0.887121 0.19666700000000004 0.025152 0.031765
7 0.3568180000000001 0.198824 0.026364 0.033725
7 0.71197 0.19980399999999998 0.024545 0.031765
7 0.08863600000000005 0.20039200000000001 0.021515 0.035294
7 0.18166700000000002 0.200588 0.024545 0.032549
7 0.26712099999999994 0.20176499999999997 0.026364 0.033333
7 0.532727 0.202353 0.024242 0.036863
7 0.800152 0.204314 0.024545 0.035294
7 0.622424 0.20686300000000002 0.023636 0.038824
7 0.44242399999999993 0.20803899999999997 0.025455 0.038824
7 0.712424 0.310196 0.026667 0.039216
7 0.26833299999999993 0.310588 0.026364 0.033725
7 0.443333 0.311373 0.026667 0.033725
7 0.090758 0.31470599999999993 0.021515 0.038039
7 0.801061 0.31470599999999993 0.024545 0.038039
7 0.887576 0.314902 0.023636 0.037647
7 0.359545 0.31529399999999996 0.023333 0.035294
7 0.622576 0.31725500000000006 0.02697 0.032941
7 0.532727 0.317647 0.028485 0.032157
7 0.18545500000000004 0.319804 0.026667 0.033333
7 0.887424 0.421373 0.025758 0.038824
7 0.625152 0.42333299999999996 0.026667 0.035686
7 0.090758 0.42470600000000003 0.022727 0.035294
7 0.802121 0.4254899999999999 0.023636 0.038431
7 0.266061 0.425686 0.022424 0.040392
7 0.535152 0.42647100000000004 0.026061 0.036471
7 0.35924200000000006 0.426863 0.026364 0.033333
7 0.446364 0.427647 0.024242 0.036471
7 0.18257599999999996 0.432353 0.026364 0.033333
7 0.709242 0.44078400000000006 0.026364 0.038431
7 0.801667 0.537451 0.024545 0.037255
7 0.44454499999999997 0.539608 0.024242 0.036863
7 0.626667 0.539608 0.026667 0.032941
7 0.18318199999999996 0.540196 0.026364 0.033333
7 0.09424200000000005 0.540784 0.027273 0.035294
7 0.356364 0.541569 0.026667 0.033725
7 0.710152 0.542549 0.026364 0.037255
7 0.533636 0.545098 0.025455 0.03451
7 0.26515200000000005 0.547843 0.026667 0.033725
7 0.887727 0.54902 0.025758 0.039216
7 0.535758 0.644706 0.025455 0.03451
7 0.265455 0.652941 0.026667 0.033725
7 0.710758 0.653333 0.025152 0.042353
7 0.3568180000000001 0.654314 0.026364 0.033333
7 0.18212099999999998 0.654902 0.026667 0.037647
7 0.800758 0.655098 0.025152 0.037255
7 0.626667 0.657647 0.024848 0.036863
7 0.44606100000000004 0.657843 0.025455 0.040392
7 0.88803 0.658039 0.025758 0.039216
7 0.09424200000000005 0.66 0.024242 0.04
7 0.35666700000000007 0.76549 0.026667 0.033725
7 0.887727 0.765686 0.02697 0.040392
7 0.27075800000000005 0.767255 0.023333 0.040392
7 0.446364 0.768039 0.025455 0.040392
7 0.801667 0.768235 0.024545 0.037647
7 0.53697 0.770784 0.024242 0.038824
7 0.182879 0.771961 0.023939 0.037255
7 0.71197 0.772157 0.026364 0.032157
7 0.09287900000000004 0.774118 0.023333 0.035294
7 0.625152 0.775098 0.024242 0.037255
7 0.801364 0.859412 0.023333 0.033333
7 0.35863599999999995 0.874314 0.024545 0.029412
7 0.4481820000000001 0.876471 0.026667 0.035294
7 0.626515 0.877647 0.028788 0.035294
7 0.887727 0.877843 0.026364 0.034902
7 0.537576 0.878039 0.025455 0.033725
7 0.09575800000000001 0.879608 0.025455 0.036863
7 0.712576 0.880392 0.025152 0.036078
7 0.271061 0.882157 0.026364 0.033333
7 0.18272699999999997 0.884118 0.025455 0.040392
