6 0.917255 0.269545 0.033725 0.026364
6 0.915686 0.355455 0.033725 0.026667
6 0.913333 0.800758 0.036863 0.026364
6 0.912941 0.444848 0.04 0.024242
6 0.911176 0.71303 0.041961 0.024242
6 0.91098 0.180455 0.033725 0.026364
6 0.910588 0.088485 0.038431 0.022424
6 0.910588 0.620455 0.037647 0.025758
6 0.909216 0.536364 0.036471 0.024242
6 0.908431 0.886515 0.038824 0.025152
6 0.803333 0.887121 0.031765 0.025152
6 0.801176 0.356818 0.033725 0.026364
6 0.800196 0.71197 0.031765 0.024545
6 0.799608 0.088636 0.035294 0.021515
6 0.799412 0.181667 0.032549 0.024545
6 0.798235 0.267121 0.033333 0.026364
6 0.797647 0.532727 0.036863 0.024242
6 0.795686 0.800152 0.035294 0.024545
6 0.793137 0.622424 0.038824 0.023636
6 0.791961 0.442424 0.038824 0.025455
6 0.689804 0.712424 0.039216 0.026667
6 0.689412 0.268333 0.033725 0.026364
6 0.688627 0.443333 0.033725 0.026667
6 0.6852940000000001 0.090758 0.038039 0.021515
6 0.6852940000000001 0.801061 0.038039 0.024545
6 0.685098 0.887576 0.037647 0.023636
6 0.684706 0.359545 0.035294 0.023333
6 0.6827449999999999 0.622576 0.032941 0.02697
6 0.682353 0.532727 0.032157 0.028485
6 0.680196 0.185455 0.033333 0.026667
6 0.578627 0.887424 0.038824 0.025758
6 0.576667 0.625152 0.035686 0.026667
6 0.575294 0.090758 0.035294 0.022727
6 0.5745100000000001 0.802121 0.038431 0.023636
6 0.574314 0.266061 0.040392 0.022424
6 0.573529 0.535152 0.036471 0.026061
6 0.573137 0.359242 0.033333 0.026364
6 0.572353 0.446364 0.036471 0.024242
6 0.567647 0.182576 0.033333 0.026364
6 0.5592159999999999 0.709242 0.038431 0.026364
6 0.462549 0.801667 0.037255 0.024545
6 0.460392 0.444545 0.036863 0.024242
6 0.460392 0.626667 0.032941 0.026667
6 0.459804 0.183182 0.033333 0.026364
6 0.45921599999999996 0.094242 0.035294 0.027273
6 0.45843100000000003 0.356364 0.033725 0.026667
6 0.45745100000000005 0.710152 0.037255 0.026364
6 0.45490200000000003 0.533636 0.03451 0.025455
6 0.45215700000000003 0.265152 0.033725 0.026667
6 0.45098000000000005 0.887727 0.039216 0.025758
6 0.355294 0.535758 0.03451 0.025455
6 0.347059 0.265455 0.033725 0.026667
6 0.34666699999999995 0.710758 0.042353 0.025152
6 0.34568600000000005 0.356818 0.033333 0.026364
6 0.345098 0.182121 0.037647 0.026667
6 0.34490200000000004 0.800758 0.037255 0.025152
6 0.342353 0.626667 0.036863 0.024848
6 0.34215700000000004 0.446061 0.040392 0.025455
6 0.34196099999999996 0.88803 0.039216 0.025758
6 0.33999999999999997 0.094242 0.04 0.024242
6 0.23451 0.356667 0.033725 0.026667
6 0.23431400000000002 0.887727 0.040392 0.02697
6 0.23274499999999998 0.270758 0.040392 0.023333
6 0.23196099999999997 0.446364 0.040392 0.025455
6 0.231765 0.801667 0.037647 0.024545
6 0.22921599999999998 0.53697 0.038824 0.024242
6 0.228039 0.182879 0.037255 0.023939
6 0.22784300000000002 0.71197 0.032157 0.026364
6 0.22588200000000003 0.092879 0.035294 0.023333
6 0.22490200000000005 0.625152 0.037255 0.024242
6 0.14058800000000005 0.801364 0.033333 0.023333
6 0.12568599999999996 0.358636 0.029412 0.024545
6 0.123529 0.448182 0.035294 0.026667
6 0.12235300000000005 0.626515 0.035294 0.028788
6 0.12215699999999996 0.887727 0.034902 0.026364
6 0.12196099999999999 0.537576 0.033725 0.025455
6 0.12039200000000005 0.095758 0.036863 0.025455
6 0.11960800000000005 0.712576 0.036078 0.025152
6 0.11784300000000003 0.271061 0.033333 0.026364
6 0.11588200000000004 0.182727 0.040392 0.025455
