7 0.446364 0.08117600000000003 0.028485 0.030588
7 0.17939400000000005 0.08686300000000002 0.032121 0.032549
7 0.09242400000000006 0.08745099999999995 0.039394 0.030588
7 0.883939 0.08745099999999995 0.030303 0.037647
7 0.622727 0.08941200000000005 0.036364 0.033725
7 0.711515 0.089804 0.03697 0.031373
7 0.267424 0.08999999999999997 0.031818 0.034118
7 0.800152 0.090588 0.03303 0.031373
7 0.35469700000000004 0.09235300000000002 0.031212 0.032549
7 0.533485 0.09490200000000004 0.032424 0.036863
7 0.535303 0.19705899999999998 0.032424 0.035686
7 0.09045499999999995 0.199608 0.033636 0.036078
7 0.26575799999999994 0.19980399999999998 0.029091 0.032549
7 0.354545 0.200588 0.029697 0.03098
7 0.4410609999999999 0.201569 0.030606 0.032941
7 0.708485 0.20215700000000003 0.032121 0.034902
7 0.886818 0.203137 0.026364 0.035294
7 0.18075799999999997 0.20490200000000003 0.034848 0.032549
7 0.62 0.205882 0.032121 0.030588
7 0.798182 0.20647099999999996 0.033939 0.038824
7 0.090758 0.31254899999999997 0.033636 0.036078
7 0.35287899999999994 0.312941 0.030606 0.031373
7 0.620606 0.31470599999999993 0.033939 0.033333
7 0.884394 0.31549000000000005 0.032424 0.036471
7 0.267273 0.316275 0.029697 0.031765
7 0.179242 0.317059 0.031212 0.033333
7 0.533182 0.31823500000000005 0.03303 0.035686
7 0.444091 0.31941200000000003 0.028788 0.033333
7 0.709545 0.319608 0.027576 0.036078
7 0.79803 0.32470599999999994 0.030606 0.036078
7 0.535909 0.42176499999999995 0.034242 0.035686
7 0.711515 0.427451 0.031515 0.035294
7 0.267424 0.428627 0.03303 0.032157
7 0.17954500000000007 0.429608 0.031212 0.033333
7 0.44378800000000007 0.432353 0.031212 0.038039
7 0.886667 0.432353 0.033939 0.033333
7 0.798788 0.432941 0.031515 0.033725
7 0.35348500000000005 0.43333299999999997 0.03 0.032941
7 0.619697 0.43450999999999995 0.031515 0.036863
7 0.09151500000000001 0.43470600000000004 0.03697 0.036471
7 0.44378800000000007 0.536275 0.028788 0.034118
7 0.534242 0.537451 0.033939 0.033333
7 0.800455 0.540392 0.031818 0.03451
7 0.093333 0.540588 0.030303 0.033333
7 0.617727 0.541569 0.033636 0.03451
7 0.713485 0.541569 0.03303 0.037647
7 0.35469700000000004 0.543137 0.034848 0.03451
7 0.18060600000000004 0.543725 0.032727 0.031765
7 0.26772700000000005 0.547255 0.030606 0.03098
7 0.886818 0.550588 0.030606 0.036078
7 0.26651500000000006 0.651373 0.031212 0.02902
7 0.4466669999999999 0.653725 0.032121 0.032941
7 0.09302999999999995 0.65549 0.032727 0.037255
7 0.886364 0.655882 0.030303 0.038824
7 0.535303 0.656471 0.031818 0.036078
7 0.179848 0.657843 0.03 0.032549
7 0.622879 0.658039 0.031212 0.033725
7 0.3553029999999999 0.659412 0.033636 0.033333
7 0.712576 0.66 0.031818 0.040784
7 0.798485 0.662745 0.027273 0.02902
7 0.18227300000000002 0.763529 0.030606 0.028235
7 0.624545 0.764706 0.033939 0.036078
7 0.09257599999999999 0.766275 0.03303 0.030588
7 0.354545 0.767843 0.031515 0.035294
7 0.267424 0.768431 0.030606 0.027843
7 0.44500000000000006 0.769216 0.030606 0.034118
7 0.888485 0.769216 0.030909 0.037255
7 0.714091 0.769804 0.033636 0.031373
7 0.798333 0.770784 0.029394 0.036471
7 0.53697 0.773922 0.029091 0.034902
7 0.09197 0.875098 0.03303 0.032549
7 0.44697 0.878039 0.030303 0.036078
7 0.622727 0.879216 0.029697 0.031373
7 0.265 0.880392 0.031212 0.031373
7 0.18227300000000002 0.881176 0.030606 0.028235
7 0.71303 0.881765 0.032121 0.036471
7 0.889242 0.883529 0.030606 0.037647
7 0.537121 0.885686 0.034848 0.036471
7 0.802273 0.888039 0.029394 0.034118
7 0.35590900000000003 0.888431 0.029394 0.031765
