7 0.553636 0.081176 0.028485 0.030588
7 0.820606 0.086863 0.032121 0.032549
7 0.9075759999999999 0.087451 0.039394 0.030588
7 0.11606099999999997 0.087451 0.030303 0.037647
7 0.37727299999999997 0.089412 0.036364 0.033725
7 0.288485 0.089804 0.03697 0.031373
7 0.732576 0.09 0.031818 0.034118
7 0.19984800000000003 0.090588 0.03303 0.031373
7 0.645303 0.092353 0.031212 0.032549
7 0.466515 0.094902 0.032424 0.036863
7 0.464697 0.197059 0.032424 0.035686
7 0.909545 0.199608 0.033636 0.036078
7 0.7342420000000001 0.199804 0.029091 0.032549
7 0.645455 0.200588 0.029697 0.03098
7 0.5589390000000001 0.201569 0.030606 0.032941
7 0.29151499999999997 0.202157 0.032121 0.034902
7 0.113182 0.203137 0.026364 0.035294
7 0.819242 0.204902 0.034848 0.032549
7 0.38 0.205882 0.032121 0.030588
7 0.20181800000000005 0.206471 0.033939 0.038824
7 0.909242 0.312549 0.033636 0.036078
7 0.6471210000000001 0.312941 0.030606 0.031373
7 0.379394 0.314706 0.033939 0.033333
7 0.11560599999999999 0.31549 0.032424 0.036471
7 0.732727 0.316275 0.029697 0.031765
7 0.820758 0.317059 0.031212 0.033333
7 0.46681799999999996 0.318235 0.03303 0.035686
7 0.555909 0.319412 0.028788 0.033333
7 0.290455 0.319608 0.027576 0.036078
7 0.20196999999999998 0.324706 0.030606 0.036078
7 0.46409100000000003 0.421765 0.034242 0.035686
7 0.288485 0.427451 0.031515 0.035294
7 0.732576 0.428627 0.03303 0.032157
7 0.8204549999999999 0.429608 0.031212 0.033333
7 0.5562119999999999 0.432353 0.031212 0.038039
7 0.11333300000000002 0.432353 0.033939 0.033333
7 0.20121199999999995 0.432941 0.031515 0.033725
7 0.646515 0.433333 0.03 0.032941
7 0.38030299999999995 0.43451 0.031515 0.036863
7 0.908485 0.434706 0.03697 0.036471
7 0.5562119999999999 0.536275 0.028788 0.034118
7 0.465758 0.537451 0.033939 0.033333
7 0.19954499999999997 0.540392 0.031818 0.03451
7 0.906667 0.540588 0.030303 0.033333
7 0.382273 0.541569 0.033636 0.03451
7 0.28651499999999996 0.541569 0.03303 0.037647
7 0.645303 0.543137 0.034848 0.03451
7 0.819394 0.543725 0.032727 0.031765
7 0.732273 0.547255 0.030606 0.03098
7 0.113182 0.550588 0.030606 0.036078
7 0.7334849999999999 0.651373 0.031212 0.02902
7 0.5533330000000001 0.653725 0.032121 0.032941
7 0.90697 0.65549 0.032727 0.037255
7 0.11363599999999996 0.655882 0.030303 0.038824
7 0.464697 0.656471 0.031818 0.036078
7 0.820152 0.657843 0.03 0.032549
7 0.37712100000000004 0.658039 0.031212 0.033725
7 0.6446970000000001 0.659412 0.033636 0.033333
7 0.287424 0.66 0.031818 0.040784
7 0.201515 0.662745 0.027273 0.02902
7 0.817727 0.763529 0.030606 0.028235
7 0.375455 0.764706 0.033939 0.036078
7 0.907424 0.766275 0.03303 0.030588
7 0.645455 0.767843 0.031515 0.035294
7 0.732576 0.768431 0.030606 0.027843
7 0.5549999999999999 0.769216 0.030606 0.034118
7 0.11151500000000003 0.769216 0.030909 0.037255
7 0.28590899999999997 0.769804 0.033636 0.031373
7 0.20166700000000004 0.770784 0.029394 0.036471
7 0.46303000000000005 0.773922 0.029091 0.034902
7 0.90803 0.875098 0.03303 0.032549
7 0.55303 0.878039 0.030303 0.036078
7 0.37727299999999997 0.879216 0.029697 0.031373
7 0.735 0.880392 0.031212 0.031373
7 0.817727 0.881176 0.030606 0.028235
7 0.28696999999999995 0.881765 0.032121 0.036471
7 0.11075800000000002 0.883529 0.030606 0.037647
7 0.46287900000000004 0.885686 0.034848 0.036471
7 0.19772699999999999 0.888039 0.029394 0.034118
7 0.644091 0.888431 0.029394 0.031765
