6 0.917255 0.7304550000000001 0.033725 0.026364
6 0.915686 0.6445449999999999 0.033725 0.026667
6 0.913333 0.19924200000000003 0.036863 0.026364
6 0.912941 0.555152 0.04 0.024242
6 0.911176 0.28696999999999995 0.041961 0.024242
6 0.91098 0.819545 0.033725 0.026364
6 0.910588 0.911515 0.038431 0.022424
6 0.910588 0.379545 0.037647 0.025758
6 0.909216 0.46363600000000005 0.036471 0.024242
6 0.908431 0.11348499999999995 0.038824 0.025152
6 0.803333 0.11287899999999995 0.031765 0.025152
6 0.801176 0.6431819999999999 0.033725 0.026364
6 0.800196 0.28803 0.031765 0.024545
6 0.799608 0.911364 0.035294 0.021515
6 0.799412 0.818333 0.032549 0.024545
6 0.798235 0.7328790000000001 0.033333 0.026364
6 0.797647 0.46727300000000005 0.036863 0.024242
6 0.795686 0.19984800000000003 0.035294 0.024545
6 0.793137 0.377576 0.038824 0.023636
6 0.791961 0.5575760000000001 0.038824 0.025455
6 0.689804 0.28757600000000005 0.039216 0.026667
6 0.689412 0.7316670000000001 0.033725 0.026364
6 0.688627 0.556667 0.033725 0.026667
6 0.6852940000000001 0.909242 0.038039 0.021515
6 0.6852940000000001 0.19893899999999998 0.038039 0.024545
6 0.685098 0.11242399999999997 0.037647 0.023636
6 0.684706 0.640455 0.035294 0.023333
6 0.6827449999999999 0.377424 0.032941 0.02697
6 0.682353 0.46727300000000005 0.032157 0.028485
6 0.680196 0.814545 0.033333 0.026667
6 0.578627 0.11257600000000001 0.038824 0.025758
6 0.576667 0.37484799999999996 0.035686 0.026667
6 0.575294 0.909242 0.035294 0.022727
6 0.5745100000000001 0.19787900000000003 0.038431 0.023636
6 0.574314 0.733939 0.040392 0.022424
6 0.573529 0.46484800000000004 0.036471 0.026061
6 0.573137 0.6407579999999999 0.033333 0.026364
6 0.572353 0.553636 0.036471 0.024242
6 0.567647 0.817424 0.033333 0.026364
6 0.5592159999999999 0.29075799999999996 0.038431 0.026364
6 0.462549 0.19833299999999998 0.037255 0.024545
6 0.460392 0.555455 0.036863 0.024242
6 0.460392 0.373333 0.032941 0.026667
6 0.459804 0.816818 0.033333 0.026364
6 0.45921599999999996 0.905758 0.035294 0.027273
6 0.45843100000000003 0.643636 0.033725 0.026667
6 0.45745100000000005 0.289848 0.037255 0.026364
6 0.45490200000000003 0.466364 0.03451 0.025455
6 0.45215700000000003 0.734848 0.033725 0.026667
6 0.45098000000000005 0.11227299999999996 0.039216 0.025758
6 0.355294 0.46424200000000004 0.03451 0.025455
6 0.347059 0.734545 0.033725 0.026667
6 0.34666699999999995 0.289242 0.042353 0.025152
6 0.34568600000000005 0.6431819999999999 0.033333 0.026364
6 0.345098 0.817879 0.037647 0.026667
6 0.34490200000000004 0.19924200000000003 0.037255 0.025152
6 0.342353 0.373333 0.036863 0.024848
6 0.34215700000000004 0.553939 0.040392 0.025455
6 0.34196099999999996 0.11197000000000001 0.039216 0.025758
6 0.33999999999999997 0.905758 0.04 0.024242
6 0.23451 0.6433329999999999 0.033725 0.026667
6 0.23431400000000002 0.11227299999999996 0.040392 0.02697
6 0.23274499999999998 0.729242 0.040392 0.023333
6 0.23196099999999997 0.553636 0.040392 0.025455
6 0.231765 0.19833299999999998 0.037647 0.024545
6 0.22921599999999998 0.46303000000000005 0.038824 0.024242
6 0.228039 0.817121 0.037255 0.023939
6 0.22784300000000002 0.28803 0.032157 0.026364
6 0.22588200000000003 0.907121 0.035294 0.023333
6 0.22490200000000005 0.37484799999999996 0.037255 0.024242
6 0.14058800000000005 0.19863600000000003 0.033333 0.023333
6 0.12568599999999996 0.641364 0.029412 0.024545
6 0.123529 0.5518179999999999 0.035294 0.026667
6 0.12235300000000005 0.37348499999999996 0.035294 0.028788
6 0.12215699999999996 0.11227299999999996 0.034902 0.026364
6 0.12196099999999999 0.46242399999999995 0.033725 0.025455
6 0.12039200000000005 0.904242 0.036863 0.025455
6 0.11960800000000005 0.287424 0.036078 0.025152
6 0.11784300000000003 0.728939 0.033333 0.026364
6 0.11588200000000004 0.817273 0.040392 0.025455
