6 0.08117600000000003 0.553636 0.030588 0.028485
6 0.08686300000000002 0.820606 0.032549 0.032121
6 0.08745099999999995 0.9075759999999999 0.030588 0.039394
6 0.08745099999999995 0.11606099999999997 0.037647 0.030303
6 0.08941200000000005 0.37727299999999997 0.033725 0.036364
6 0.089804 0.288485 0.031373 0.03697
6 0.08999999999999997 0.732576 0.034118 0.031818
6 0.090588 0.19984800000000003 0.031373 0.03303
6 0.09235300000000002 0.645303 0.032549 0.031212
6 0.09490200000000004 0.466515 0.036863 0.032424
6 0.19705899999999998 0.464697 0.035686 0.032424
6 0.199608 0.909545 0.036078 0.033636
6 0.19980399999999998 0.7342420000000001 0.032549 0.029091
6 0.200588 0.645455 0.03098 0.029697
6 0.201569 0.5589390000000001 0.032941 0.030606
6 0.20215700000000003 0.29151499999999997 0.034902 0.032121
6 0.203137 0.113182 0.035294 0.026364
6 0.20490200000000003 0.819242 0.032549 0.034848
6 0.205882 0.38 0.030588 0.032121
6 0.20647099999999996 0.20181800000000005 0.038824 0.033939
6 0.31254899999999997 0.909242 0.036078 0.033636
6 0.312941 0.6471210000000001 0.031373 0.030606
6 0.31470599999999993 0.379394 0.033333 0.033939
6 0.31549000000000005 0.11560599999999999 0.036471 0.032424
6 0.316275 0.732727 0.031765 0.029697
6 0.317059 0.820758 0.033333 0.031212
6 0.31823500000000005 0.46681799999999996 0.035686 0.03303
6 0.31941200000000003 0.555909 0.033333 0.028788
6 0.319608 0.290455 0.036078 0.027576
6 0.32470599999999994 0.20196999999999998 0.036078 0.030606
6 0.42176499999999995 0.46409100000000003 0.035686 0.034242
6 0.427451 0.288485 0.035294 0.031515
6 0.428627 0.732576 0.032157 0.03303
6 0.429608 0.8204549999999999 0.033333 0.031212
6 0.432353 0.5562119999999999 0.038039 0.031212
6 0.432353 0.11333300000000002 0.033333 0.033939
6 0.432941 0.20121199999999995 0.033725 0.031515
6 0.43333299999999997 0.646515 0.032941 0.03
6 0.43450999999999995 0.38030299999999995 0.036863 0.031515
6 0.43470600000000004 0.908485 0.036471 0.03697
6 0.536275 0.5562119999999999 0.034118 0.028788
6 0.537451 0.465758 0.033333 0.033939
6 0.540392 0.19954499999999997 0.03451 0.031818
6 0.540588 0.906667 0.033333 0.030303
6 0.541569 0.382273 0.03451 0.033636
6 0.541569 0.28651499999999996 0.037647 0.03303
6 0.543137 0.645303 0.03451 0.034848
6 0.543725 0.819394 0.031765 0.032727
6 0.547255 0.732273 0.03098 0.030606
6 0.550588 0.113182 0.036078 0.030606
6 0.651373 0.7334849999999999 0.02902 0.031212
6 0.653725 0.5533330000000001 0.032941 0.032121
6 0.65549 0.90697 0.037255 0.032727
6 0.655882 0.11363599999999996 0.038824 0.030303
6 0.656471 0.464697 0.036078 0.031818
6 0.657843 0.820152 0.032549 0.03
6 0.658039 0.37712100000000004 0.033725 0.031212
6 0.659412 0.6446970000000001 0.033333 0.033636
6 0.66 0.287424 0.040784 0.031818
6 0.662745 0.201515 0.02902 0.027273
6 0.763529 0.817727 0.028235 0.030606
6 0.764706 0.375455 0.036078 0.033939
6 0.766275 0.907424 0.030588 0.03303
6 0.767843 0.645455 0.035294 0.031515
6 0.768431 0.732576 0.027843 0.030606
6 0.769216 0.5549999999999999 0.034118 0.030606
6 0.769216 0.11151500000000003 0.037255 0.030909
6 0.769804 0.28590899999999997 0.031373 0.033636
6 0.770784 0.20166700000000004 0.036471 0.029394
6 0.773922 0.46303000000000005 0.034902 0.029091
6 0.875098 0.90803 0.032549 0.03303
6 0.878039 0.55303 0.036078 0.030303
6 0.879216 0.37727299999999997 0.031373 0.029697
6 0.880392 0.735 0.031373 0.031212
6 0.881176 0.817727 0.028235 0.030606
6 0.881765 0.28696999999999995 0.036471 0.032121
6 0.883529 0.11075800000000002 0.037647 0.030606
6 0.885686 0.46287900000000004 0.036471 0.034848
6 0.888039 0.19772699999999999 0.034118 0.029394
6 0.888431 0.644091 0.031765 0.029394
