6 0.918824 0.446364 0.030588 0.028485
6 0.913137 0.179394 0.032549 0.032121
6 0.912549 0.092424 0.030588 0.039394
6 0.912549 0.883939 0.037647 0.030303
6 0.910588 0.622727 0.033725 0.036364
6 0.910196 0.711515 0.031373 0.03697
6 0.91 0.267424 0.034118 0.031818
6 0.909412 0.800152 0.031373 0.03303
6 0.907647 0.354697 0.032549 0.031212
6 0.905098 0.533485 0.036863 0.032424
6 0.802941 0.535303 0.035686 0.032424
6 0.800392 0.090455 0.036078 0.033636
6 0.800196 0.265758 0.032549 0.029091
6 0.799412 0.354545 0.03098 0.029697
6 0.798431 0.441061 0.032941 0.030606
6 0.797843 0.708485 0.034902 0.032121
6 0.796863 0.886818 0.035294 0.026364
6 0.795098 0.180758 0.032549 0.034848
6 0.794118 0.62 0.030588 0.032121
6 0.793529 0.798182 0.038824 0.033939
6 0.687451 0.090758 0.036078 0.033636
6 0.687059 0.352879 0.031373 0.030606
6 0.6852940000000001 0.620606 0.033333 0.033939
6 0.68451 0.884394 0.036471 0.032424
6 0.683725 0.267273 0.031765 0.029697
6 0.682941 0.179242 0.033333 0.031212
6 0.681765 0.533182 0.035686 0.03303
6 0.680588 0.444091 0.033333 0.028788
6 0.680392 0.709545 0.036078 0.027576
6 0.6752940000000001 0.79803 0.036078 0.030606
6 0.578235 0.535909 0.035686 0.034242
6 0.572549 0.711515 0.035294 0.031515
6 0.571373 0.267424 0.032157 0.03303
6 0.570392 0.179545 0.033333 0.031212
6 0.567647 0.443788 0.038039 0.031212
6 0.567647 0.886667 0.033333 0.033939
6 0.567059 0.798788 0.033725 0.031515
6 0.566667 0.353485 0.032941 0.03
6 0.56549 0.619697 0.036863 0.031515
6 0.565294 0.091515 0.036471 0.03697
6 0.46372500000000005 0.443788 0.034118 0.028788
6 0.462549 0.534242 0.033333 0.033939
6 0.459608 0.800455 0.03451 0.031818
6 0.45941200000000004 0.093333 0.033333 0.030303
6 0.45843100000000003 0.617727 0.03451 0.033636
6 0.45843100000000003 0.713485 0.037647 0.03303
6 0.456863 0.354697 0.03451 0.034848
6 0.456275 0.180606 0.031765 0.032727
6 0.45274499999999995 0.267727 0.03098 0.030606
6 0.44941200000000003 0.886818 0.036078 0.030606
6 0.348627 0.266515 0.02902 0.031212
6 0.346275 0.446667 0.032941 0.032121
6 0.34451 0.09303 0.037255 0.032727
6 0.34411800000000003 0.886364 0.038824 0.030303
6 0.343529 0.535303 0.036078 0.031818
6 0.34215700000000004 0.179848 0.032549 0.03
6 0.34196099999999996 0.622879 0.033725 0.031212
6 0.340588 0.355303 0.033333 0.033636
6 0.33999999999999997 0.712576 0.040784 0.031818
6 0.33725499999999997 0.798485 0.02902 0.027273
6 0.236471 0.182273 0.028235 0.030606
6 0.235294 0.624545 0.036078 0.033939
6 0.23372499999999996 0.092576 0.030588 0.03303
6 0.23215699999999995 0.354545 0.035294 0.031515
6 0.23156900000000002 0.267424 0.027843 0.030606
6 0.230784 0.445 0.034118 0.030606
6 0.230784 0.888485 0.037255 0.030909
6 0.23019599999999996 0.714091 0.031373 0.033636
6 0.22921599999999998 0.798333 0.036471 0.029394
6 0.226078 0.53697 0.034902 0.029091
6 0.12490199999999996 0.09197 0.032549 0.03303
6 0.12196099999999999 0.44697 0.036078 0.030303
6 0.120784 0.622727 0.031373 0.029697
6 0.11960800000000005 0.265 0.031373 0.031212
6 0.11882400000000004 0.182273 0.028235 0.030606
6 0.11823499999999998 0.71303 0.036471 0.032121
6 0.11647099999999999 0.889242 0.037647 0.030606
6 0.11431400000000003 0.537121 0.036471 0.034848
6 0.11196099999999998 0.802273 0.034118 0.029394
6 0.11156900000000003 0.355909 0.031765 0.029394
