3 0.30128200000000005 0.275641 0.04594 0.074074
7 0.16185899999999998 0.505342 0.032051 0.042023
8 0.10683799999999999 0.7670939999999999 0.037393 0.068376
8 0.09562000000000004 0.264601 0.03953 0.073362
1 0.31437000000000004 0.654558 0.035791 0.076923
12 0.24973299999999998 0.7478629999999999 0.06891 0.048433
12 0.2289 0.22970100000000004 0.080662 0.060541
15 0.35176300000000005 0.461538 0.028312 0.059829
17 0.303686 0.461182 0.025107 0.061966
5 0.16453000000000007 0.612179 0.030983 0.101852
5 0.159455 0.38319099999999995 0.02938 0.08547
