7 0.36671999999999993 0.720085 0.030449 0.034188
7 0.36111099999999996 0.611111 0.027778 0.037037
7 0.514156 0.574074 0.030449 0.037037
7 0.359776 0.519587 0.032585 0.0349
6 0.384348 0.14209400000000005 0.027244 0.061966
10 0.554487 0.742165 0.028846 0.062678
1 0.50828 0.49465800000000004 0.031517 0.059117
1 0.35149600000000003 0.41880300000000004 0.028846 0.061254
1 0.49599400000000005 0.389957 0.035791 0.05057
1 0.345353 0.32086899999999996 0.034722 0.051994
1 0.49011800000000005 0.28490000000000004 0.043269 0.061254
1 0.33707299999999996 0.215812 0.028846 0.064103
12 0.46768199999999993 0.7670939999999999 0.048611 0.04416
14 0.43963700000000006 0.628205 0.037393 0.045584
16 0.41132499999999994 0.773148 0.028846 0.032051
5 0.515759 0.654202 0.034722 0.064815
4 0.4399040000000001 0.12891699999999995 0.047543 0.052707
