8 0.315438 0.773504 0.033654 0.061254
8 0.306891 0.497151 0.033654 0.061254
8 0.303686 0.281339 0.036859 0.10114
10 0.545139 0.747151 0.036859 0.062678
10 0.554487 0.511752 0.030983 0.061966
10 0.552618 0.29594 0.031517 0.056268
12 0.3774040000000001 0.775641 0.0625 0.042735
14 0.4519230000000001 0.42735 0.037393 0.042735
16 0.3977029999999999 0.542735 0.038996 0.048433
2 0.386752 0.636752 0.040598 0.051282
2 0.4375 0.628917 0.036325 0.055556
4 0.4639420000000001 0.767806 0.069979 0.051282
4 0.409455 0.245726 0.049679 0.059829
4 0.471688 0.23860400000000004 0.057692 0.054131
