6 0.720085 0.36672 0.034188 0.030449
6 0.611111 0.361111 0.037037 0.027778
6 0.574074 0.514156 0.037037 0.030449
6 0.519587 0.359776 0.0349 0.032585
7 0.14209400000000005 0.384348 0.061966 0.027244
11 0.742165 0.554487 0.062678 0.028846
0 0.49465800000000004 0.50828 0.059117 0.031517
0 0.41880300000000004 0.351496 0.061254 0.028846
0 0.389957 0.495994 0.05057 0.035791
0 0.32086899999999996 0.345353 0.051994 0.034722
0 0.28490000000000004 0.490118 0.061254 0.043269
0 0.215812 0.337073 0.064103 0.028846
13 0.7670939999999999 0.467682 0.04416 0.048611
15 0.628205 0.439637 0.045584 0.037393
17 0.773148 0.411325 0.032051 0.028846
4 0.654202 0.515759 0.064815 0.034722
5 0.12891699999999995 0.439904 0.052707 0.047543
