6 0.757746 0.795584 0.02938 0.068376
10 0.895299 0.459758 0.063034 0.241453
13 0.49172000000000005 0.292379 0.031517 0.198718
13 0.5515490000000001 0.295228 0.028312 0.184473
15 0.67735 0.701211 0.036325 0.07906
17 0.804754 0.570157 0.034722 0.087607
0 0.7224889999999999 0.428775 0.060363 0.08547
0 0.7390490000000001 0.68198 0.050748 0.084758
5 0.804754 0.275285 0.037927 0.227208
5 0.528579 0.593305 0.028312 0.205128
5 0.48878200000000005 0.845442 0.030983 0.094017
4 0.6853629999999999 0.138889 0.167735 0.074074
4 0.56891 0.831909 0.084402 0.062678
