6 0.24225399999999997 0.20441600000000004 0.02938 0.068376
8 0.10470100000000004 0.540242 0.063034 0.241453
13 0.50828 0.707621 0.031517 0.198718
13 0.44845099999999993 0.704772 0.028312 0.184473
15 0.32265 0.29878899999999997 0.036325 0.07906
17 0.19524600000000003 0.429843 0.034722 0.087607
2 0.27751100000000006 0.571225 0.060363 0.08547
2 0.26095099999999993 0.31801999999999997 0.050748 0.084758
5 0.19524600000000003 0.724715 0.037927 0.227208
5 0.471421 0.40669500000000003 0.028312 0.205128
5 0.511218 0.15455799999999997 0.030983 0.094017
4 0.31463700000000006 0.861111 0.167735 0.074074
4 0.43109 0.168091 0.084402 0.062678
