7 0.251425 0.351496 0.05698 0.023504
7 0.344373 0.352297 0.059117 0.028312
7 0.354701 0.415331 0.051282 0.024038
7 0.41916 0.342949 0.053419 0.023504
7 0.433761 0.401442 0.045584 0.025107
7 0.445157 0.46047 0.051282 0.026709
7 0.531695 0.340545 0.059117 0.028312
7 0.54416 0.386485 0.055556 0.02297
7 0.556624 0.442842 0.044872 0.022436
7 0.562322 0.493056 0.053419 0.025641
7 0.57906 0.547543 0.05698 0.032051
7 0.641738 0.346421 0.039886 0.02297
7 0.65349 0.388889 0.043447 0.020299
7 0.664886 0.443109 0.044872 0.019765
7 0.677707 0.490919 0.046296 0.025641
7 0.686254 0.544071 0.043447 0.019765
7 0.690171 0.588141 0.054131 0.026709
11 0.263533 0.701656 0.066952 0.036859
13 0.357906 0.482105 0.033476 0.049679
15 0.701211 0.627137 0.047721 0.037393
17 0.584402 0.593483 0.047721 0.03953
3 0.459758 0.529915 0.061966 0.04594
5 0.257479 0.428953 0.044872 0.053419
