7 0.748575 0.648504 0.05698 0.023504
7 0.655627 0.6477029999999999 0.059117 0.028312
7 0.6452990000000001 0.584669 0.051282 0.024038
7 0.58084 0.657051 0.053419 0.023504
7 0.5662389999999999 0.5985579999999999 0.045584 0.025107
7 0.554843 0.5395300000000001 0.051282 0.026709
7 0.46830499999999997 0.659455 0.059117 0.028312
7 0.45584 0.613515 0.055556 0.02297
7 0.443376 0.557158 0.044872 0.022436
7 0.437678 0.5069440000000001 0.053419 0.025641
7 0.42094 0.452457 0.05698 0.032051
7 0.35826199999999997 0.653579 0.039886 0.02297
7 0.34651 0.611111 0.043447 0.020299
7 0.335114 0.556891 0.044872 0.019765
7 0.32229300000000005 0.509081 0.046296 0.025641
7 0.31374599999999997 0.45592900000000003 0.043447 0.019765
7 0.309829 0.411859 0.054131 0.026709
9 0.736467 0.29834400000000005 0.066952 0.036859
13 0.6420939999999999 0.517895 0.033476 0.049679
15 0.29878899999999997 0.37286300000000006 0.047721 0.037393
17 0.415598 0.406517 0.047721 0.03953
1 0.540242 0.470085 0.061966 0.04594
5 0.742521 0.5710470000000001 0.044872 0.053419
