11 0.773504 0.684562 0.061254 0.033654
11 0.497151 0.693109 0.061254 0.033654
11 0.281339 0.696314 0.10114 0.036859
9 0.747151 0.45486099999999996 0.062678 0.036859
9 0.511752 0.44551300000000005 0.061966 0.030983
9 0.29594 0.44738199999999995 0.056268 0.031517
13 0.775641 0.6225959999999999 0.042735 0.0625
15 0.42735 0.5480769999999999 0.042735 0.037393
17 0.542735 0.6022970000000001 0.048433 0.038996
1 0.636752 0.613248 0.051282 0.040598
1 0.628917 0.5625 0.055556 0.036325
5 0.767806 0.5360579999999999 0.051282 0.069979
5 0.245726 0.590545 0.059829 0.049679
5 0.23860400000000004 0.528312 0.054131 0.057692
