6 0.35149600000000003 0.251425 0.023504 0.05698
6 0.3522970000000001 0.34437300000000004 0.028312 0.059117
6 0.415331 0.35470099999999993 0.024038 0.051282
6 0.34294899999999995 0.41916 0.023504 0.053419
6 0.4014420000000001 0.43376100000000006 0.025107 0.045584
6 0.46046999999999993 0.445157 0.026709 0.051282
6 0.340545 0.531695 0.028312 0.059117
6 0.38648499999999997 0.54416 0.02297 0.055556
6 0.44284199999999996 0.556624 0.022436 0.044872
6 0.49305599999999994 0.562322 0.025641 0.053419
6 0.547543 0.57906 0.032051 0.05698
6 0.346421 0.641738 0.02297 0.039886
6 0.38888900000000004 0.65349 0.020299 0.043447
6 0.443109 0.664886 0.019765 0.044872
6 0.490919 0.677707 0.025641 0.046296
6 0.544071 0.686254 0.019765 0.043447
6 0.588141 0.690171 0.026709 0.054131
10 0.701656 0.263533 0.036859 0.066952
12 0.482105 0.35790600000000006 0.049679 0.033476
14 0.627137 0.701211 0.037393 0.047721
16 0.593483 0.584402 0.03953 0.047721
2 0.529915 0.459758 0.04594 0.061966
4 0.4289529999999999 0.257479 0.053419 0.044872
