6 0.279915 0.6332800000000001 0.034188 0.030449
6 0.38888900000000004 0.638889 0.037037 0.027778
6 0.425926 0.48584400000000005 0.037037 0.030449
6 0.480413 0.640224 0.0349 0.032585
7 0.857906 0.615652 0.061966 0.027244
9 0.25783500000000004 0.44551300000000005 0.062678 0.028846
2 0.505342 0.49172000000000005 0.059117 0.031517
2 0.581197 0.648504 0.061254 0.028846
2 0.610043 0.504006 0.05057 0.035791
2 0.679131 0.654647 0.051994 0.034722
2 0.7151 0.509882 0.061254 0.043269
2 0.784188 0.662927 0.064103 0.028846
13 0.23290600000000006 0.5323180000000001 0.04416 0.048611
15 0.371795 0.5603629999999999 0.045584 0.037393
17 0.22685200000000005 0.5886750000000001 0.032051 0.028846
4 0.34579800000000005 0.48424100000000003 0.064815 0.034722
5 0.871083 0.5600959999999999 0.052707 0.047543
