8 0.315438 0.22649600000000003 0.033654 0.061254
8 0.306891 0.502849 0.033654 0.061254
8 0.303686 0.718661 0.036859 0.10114
10 0.545139 0.252849 0.036859 0.062678
10 0.554487 0.488248 0.030983 0.061966
10 0.552618 0.70406 0.031517 0.056268
12 0.3774040000000001 0.22435899999999998 0.0625 0.042735
14 0.4519230000000001 0.57265 0.037393 0.042735
16 0.3977029999999999 0.45726500000000003 0.038996 0.048433
2 0.386752 0.363248 0.040598 0.051282
2 0.4375 0.37108300000000005 0.036325 0.055556
4 0.4639420000000001 0.232194 0.069979 0.051282
4 0.409455 0.754274 0.049679 0.059829
4 0.471688 0.761396 0.057692 0.054131
