7 0.20441600000000004 0.757746 0.068376 0.02938
11 0.540242 0.895299 0.241453 0.063034
12 0.707621 0.49172000000000005 0.198718 0.031517
12 0.704772 0.5515490000000001 0.184473 0.028312
14 0.29878899999999997 0.67735 0.07906 0.036325
16 0.429843 0.804754 0.087607 0.034722
1 0.571225 0.7224889999999999 0.08547 0.060363
1 0.31801999999999997 0.7390490000000001 0.084758 0.050748
4 0.724715 0.804754 0.227208 0.037927
4 0.40669500000000003 0.528579 0.205128 0.028312
4 0.15455799999999997 0.48878200000000005 0.094017 0.030983
5 0.861111 0.6853629999999999 0.074074 0.167735
5 0.168091 0.56891 0.062678 0.084402
