6 0.648504 0.748575 0.023504 0.05698
6 0.6477029999999999 0.655627 0.028312 0.059117
6 0.584669 0.6452990000000001 0.024038 0.051282
6 0.657051 0.58084 0.023504 0.053419
6 0.5985579999999999 0.5662389999999999 0.025107 0.045584
6 0.5395300000000001 0.554843 0.026709 0.051282
6 0.659455 0.46830499999999997 0.028312 0.059117
6 0.613515 0.45584 0.02297 0.055556
6 0.557158 0.443376 0.022436 0.044872
6 0.5069440000000001 0.437678 0.025641 0.053419
6 0.452457 0.42094 0.032051 0.05698
6 0.653579 0.35826199999999997 0.02297 0.039886
6 0.611111 0.34651 0.020299 0.043447
6 0.556891 0.335114 0.019765 0.044872
6 0.509081 0.32229300000000005 0.025641 0.046296
6 0.45592900000000003 0.31374599999999997 0.019765 0.043447
6 0.411859 0.309829 0.026709 0.054131
8 0.29834400000000005 0.736467 0.036859 0.066952
12 0.517895 0.6420939999999999 0.049679 0.033476
14 0.37286300000000006 0.29878899999999997 0.037393 0.047721
16 0.406517 0.415598 0.03953 0.047721
0 0.470085 0.540242 0.04594 0.061966
4 0.5710470000000001 0.742521 0.053419 0.044872
