10 0.684562 0.226496 0.033654 0.061254
10 0.693109 0.502849 0.033654 0.061254
10 0.696314 0.718661 0.036859 0.10114
8 0.45486099999999996 0.252849 0.036859 0.062678
8 0.44551300000000005 0.488248 0.030983 0.061966
8 0.44738199999999995 0.70406 0.031517 0.056268
12 0.6225959999999999 0.224359 0.0625 0.042735
14 0.5480769999999999 0.57265 0.037393 0.042735
16 0.6022970000000001 0.457265 0.038996 0.048433
0 0.613248 0.363248 0.040598 0.051282
0 0.5625 0.371083 0.036325 0.055556
4 0.5360579999999999 0.232194 0.069979 0.051282
4 0.590545 0.754274 0.049679 0.059829
4 0.528312 0.761396 0.057692 0.054131
