7 0.20441600000000004 0.242254 0.068376 0.02938
9 0.540242 0.104701 0.241453 0.063034
12 0.707621 0.50828 0.198718 0.031517
12 0.704772 0.448451 0.184473 0.028312
14 0.29878899999999997 0.32265 0.07906 0.036325
16 0.429843 0.195246 0.087607 0.034722
3 0.571225 0.277511 0.08547 0.060363
3 0.31801999999999997 0.260951 0.084758 0.050748
4 0.724715 0.195246 0.227208 0.037927
4 0.40669500000000003 0.471421 0.205128 0.028312
4 0.15455799999999997 0.511218 0.094017 0.030983
5 0.861111 0.314637 0.074074 0.167735
5 0.168091 0.43109 0.062678 0.084402
