10 0.684562 0.773504 0.033654 0.061254
10 0.693109 0.497151 0.033654 0.061254
10 0.696314 0.281339 0.036859 0.10114
8 0.45486099999999996 0.747151 0.036859 0.062678
8 0.44551300000000005 0.511752 0.030983 0.061966
8 0.44738199999999995 0.29594 0.031517 0.056268
12 0.6225959999999999 0.775641 0.0625 0.042735
14 0.5480769999999999 0.42735 0.037393 0.042735
16 0.6022970000000001 0.542735 0.038996 0.048433
0 0.613248 0.636752 0.040598 0.051282
0 0.5625 0.628917 0.036325 0.055556
4 0.5360579999999999 0.767806 0.069979 0.051282
4 0.590545 0.245726 0.049679 0.059829
4 0.528312 0.23860400000000004 0.057692 0.054131
