6 0.24038499999999996 0.650641 0.018162 0.044872
6 0.22355800000000003 0.205484 0.020833 0.059117
6 0.27430599999999994 0.187678 0.020833 0.044872
8 0.13034199999999996 0.824074 0.030983 0.122507
1 0.27163500000000007 0.775285 0.025107 0.043447
13 0.27136800000000005 0.543803 0.021368 0.061966
13 0.18723299999999998 0.349715 0.031517 0.079772
15 0.18509600000000004 0.27029899999999996 0.028312 0.056268
16 0.23237200000000002 0.40277799999999997 0.030983 0.040598
5 0.196581 0.7272080000000001 0.035256 0.076923
5 0.19524600000000003 0.595085 0.034722 0.076211
5 0.18963700000000006 0.461538 0.027778 0.079772
