7 0.795584 0.757746 0.068376 0.02938
11 0.459758 0.895299 0.241453 0.063034
12 0.29237899999999994 0.49172000000000005 0.198718 0.031517
12 0.29522800000000005 0.5515490000000001 0.184473 0.028312
14 0.701211 0.67735 0.07906 0.036325
16 0.570157 0.804754 0.087607 0.034722
1 0.428775 0.7224889999999999 0.08547 0.060363
1 0.68198 0.7390490000000001 0.084758 0.050748
4 0.275285 0.804754 0.227208 0.037927
4 0.593305 0.528579 0.205128 0.028312
4 0.845442 0.48878200000000005 0.094017 0.030983
5 0.13888900000000004 0.6853629999999999 0.074074 0.167735
5 0.831909 0.56891 0.062678 0.084402
