6 0.757746 0.20441600000000004 0.02938 0.068376
10 0.895299 0.540242 0.063034 0.241453
13 0.49172000000000005 0.707621 0.031517 0.198718
13 0.5515490000000001 0.704772 0.028312 0.184473
15 0.67735 0.29878899999999997 0.036325 0.07906
17 0.804754 0.429843 0.034722 0.087607
0 0.7224889999999999 0.571225 0.060363 0.08547
0 0.7390490000000001 0.31801999999999997 0.050748 0.084758
5 0.804754 0.724715 0.037927 0.227208
5 0.528579 0.40669500000000003 0.028312 0.205128
5 0.48878200000000005 0.15455799999999997 0.030983 0.094017
4 0.6853629999999999 0.861111 0.167735 0.074074
4 0.56891 0.168091 0.084402 0.062678
