7 0.36671999999999993 0.279915 0.030449 0.034188
7 0.36111099999999996 0.38888900000000004 0.027778 0.037037
7 0.514156 0.425926 0.030449 0.037037
7 0.359776 0.480413 0.032585 0.0349
6 0.384348 0.857906 0.027244 0.061966
10 0.554487 0.25783500000000004 0.028846 0.062678
3 0.50828 0.505342 0.031517 0.059117
3 0.35149600000000003 0.581197 0.028846 0.061254
3 0.49599400000000005 0.610043 0.035791 0.05057
3 0.345353 0.679131 0.034722 0.051994
3 0.49011800000000005 0.7151 0.043269 0.061254
3 0.33707299999999996 0.784188 0.028846 0.064103
12 0.46768199999999993 0.23290600000000006 0.048611 0.04416
14 0.43963700000000006 0.371795 0.037393 0.045584
16 0.41132499999999994 0.22685200000000005 0.028846 0.032051
5 0.515759 0.34579800000000005 0.034722 0.064815
4 0.4399040000000001 0.871083 0.047543 0.052707
