6 0.720085 0.6332800000000001 0.034188 0.030449
6 0.611111 0.638889 0.037037 0.027778
6 0.574074 0.48584400000000005 0.037037 0.030449
6 0.519587 0.640224 0.0349 0.032585
7 0.14209400000000005 0.615652 0.061966 0.027244
9 0.742165 0.44551300000000005 0.062678 0.028846
0 0.49465800000000004 0.49172000000000005 0.059117 0.031517
0 0.41880300000000004 0.648504 0.061254 0.028846
0 0.389957 0.504006 0.05057 0.035791
0 0.32086899999999996 0.654647 0.051994 0.034722
0 0.28490000000000004 0.509882 0.061254 0.043269
0 0.215812 0.662927 0.064103 0.028846
13 0.7670939999999999 0.5323180000000001 0.04416 0.048611
15 0.628205 0.5603629999999999 0.045584 0.037393
17 0.773148 0.5886750000000001 0.032051 0.028846
4 0.654202 0.48424100000000003 0.064815 0.034722
5 0.12891699999999995 0.5600959999999999 0.052707 0.047543
