6 0.24038499999999996 0.349359 0.018162 0.044872
6 0.22355800000000003 0.794516 0.020833 0.059117
6 0.27430599999999994 0.812322 0.020833 0.044872
8 0.13034199999999996 0.17592600000000003 0.030983 0.122507
3 0.27163500000000007 0.224715 0.025107 0.043447
13 0.27136800000000005 0.45619699999999996 0.021368 0.061966
13 0.18723299999999998 0.650285 0.031517 0.079772
15 0.18509600000000004 0.729701 0.028312 0.056268
16 0.23237200000000002 0.597222 0.030983 0.040598
5 0.196581 0.2727919999999999 0.035256 0.076923
5 0.19524600000000003 0.404915 0.034722 0.076211
5 0.18963700000000006 0.538462 0.027778 0.079772
