6 0.648504 0.251425 0.023504 0.05698
6 0.6477029999999999 0.344373 0.028312 0.059117
6 0.584669 0.354701 0.024038 0.051282
6 0.657051 0.41916 0.023504 0.053419
6 0.5985579999999999 0.433761 0.025107 0.045584
6 0.5395300000000001 0.445157 0.026709 0.051282
6 0.659455 0.531695 0.028312 0.059117
6 0.613515 0.54416 0.02297 0.055556
6 0.557158 0.556624 0.022436 0.044872
6 0.5069440000000001 0.562322 0.025641 0.053419
6 0.452457 0.57906 0.032051 0.05698
6 0.653579 0.641738 0.02297 0.039886
6 0.611111 0.65349 0.020299 0.043447
6 0.556891 0.664886 0.019765 0.044872
6 0.509081 0.677707 0.025641 0.046296
6 0.45592900000000003 0.686254 0.019765 0.043447
6 0.411859 0.690171 0.026709 0.054131
8 0.29834400000000005 0.263533 0.036859 0.066952
12 0.517895 0.357906 0.049679 0.033476
14 0.37286300000000006 0.701211 0.037393 0.047721
16 0.406517 0.584402 0.03953 0.047721
0 0.470085 0.459758 0.04594 0.061966
4 0.5710470000000001 0.257479 0.053419 0.044872
