9 0.226496 0.315438 0.061254 0.033654
9 0.502849 0.306891 0.061254 0.033654
9 0.718661 0.303686 0.10114 0.036859
11 0.252849 0.545139 0.062678 0.036859
11 0.488248 0.554487 0.061966 0.030983
11 0.70406 0.552618 0.056268 0.031517
13 0.224359 0.377404 0.042735 0.0625
15 0.57265 0.451923 0.042735 0.037393
17 0.457265 0.397703 0.048433 0.038996
3 0.363248 0.386752 0.051282 0.040598
3 0.371083 0.4375 0.055556 0.036325
5 0.232194 0.463942 0.051282 0.069979
5 0.754274 0.409455 0.059829 0.049679
5 0.761396 0.471688 0.054131 0.057692
