7 0.23263900000000004 0.42913099999999993 0.02297 0.033476
10 0.4097219999999999 0.450499 0.030983 0.057692
12 0.285791 0.4964390000000001 0.048077 0.048433
15 0.23584399999999994 0.3016380000000001 0.026175 0.059117
17 0.22729699999999997 0.561966 0.02297 0.048433
2 0.291667 0.21794899999999995 0.03953 0.042735
2 0.290331 0.672009 0.042201 0.05057
5 0.35790600000000006 0.30270700000000006 0.030983 0.08547
5 0.36404900000000007 0.622151 0.02938 0.084758
4 0.28953000000000007 0.38034199999999996 0.051282 0.045584
