6 0.759615 0.650641 0.018162 0.044872
6 0.776442 0.205484 0.020833 0.059117
6 0.7256940000000001 0.187678 0.020833 0.044872
10 0.869658 0.824074 0.030983 0.122507
1 0.7283649999999999 0.775285 0.025107 0.043447
13 0.728632 0.543803 0.021368 0.061966
13 0.812767 0.349715 0.031517 0.079772
15 0.814904 0.27029899999999996 0.028312 0.056268
16 0.767628 0.40277799999999997 0.030983 0.040598
5 0.803419 0.7272080000000001 0.035256 0.076923
5 0.804754 0.595085 0.034722 0.076211
5 0.8103629999999999 0.461538 0.027778 0.079772
