7 0.748575 0.351496 0.05698 0.023504
7 0.655627 0.352297 0.059117 0.028312
7 0.6452990000000001 0.415331 0.051282 0.024038
7 0.58084 0.342949 0.053419 0.023504
7 0.5662389999999999 0.401442 0.045584 0.025107
7 0.554843 0.46047 0.051282 0.026709
7 0.46830499999999997 0.340545 0.059117 0.028312
7 0.45584 0.386485 0.055556 0.02297
7 0.443376 0.442842 0.044872 0.022436
7 0.437678 0.493056 0.053419 0.025641
7 0.42094 0.547543 0.05698 0.032051
7 0.35826199999999997 0.346421 0.039886 0.02297
7 0.34651 0.388889 0.043447 0.020299
7 0.335114 0.443109 0.044872 0.019765
7 0.32229300000000005 0.490919 0.046296 0.025641
7 0.31374599999999997 0.544071 0.043447 0.019765
7 0.309829 0.588141 0.054131 0.026709
11 0.736467 0.701656 0.066952 0.036859
13 0.6420939999999999 0.482105 0.033476 0.049679
15 0.29878899999999997 0.627137 0.047721 0.037393
17 0.415598 0.593483 0.047721 0.03953
3 0.540242 0.529915 0.061966 0.04594
5 0.742521 0.428953 0.044872 0.053419
