6 0.35149600000000003 0.748575 0.023504 0.05698
6 0.3522970000000001 0.655627 0.028312 0.059117
6 0.415331 0.6452990000000001 0.024038 0.051282
6 0.34294899999999995 0.58084 0.023504 0.053419
6 0.4014420000000001 0.5662389999999999 0.025107 0.045584
6 0.46046999999999993 0.554843 0.026709 0.051282
6 0.340545 0.46830499999999997 0.028312 0.059117
6 0.38648499999999997 0.45584 0.02297 0.055556
6 0.44284199999999996 0.443376 0.022436 0.044872
6 0.49305599999999994 0.437678 0.025641 0.053419
6 0.547543 0.42094 0.032051 0.05698
6 0.346421 0.35826199999999997 0.02297 0.039886
6 0.38888900000000004 0.34651 0.020299 0.043447
6 0.443109 0.335114 0.019765 0.044872
6 0.490919 0.32229300000000005 0.025641 0.046296
6 0.544071 0.31374599999999997 0.019765 0.043447
6 0.588141 0.309829 0.026709 0.054131
10 0.701656 0.736467 0.036859 0.066952
12 0.482105 0.6420939999999999 0.049679 0.033476
14 0.627137 0.29878899999999997 0.037393 0.047721
16 0.593483 0.415598 0.03953 0.047721
2 0.529915 0.540242 0.04594 0.061966
4 0.4289529999999999 0.742521 0.053419 0.044872
