7 0.6332800000000001 0.279915 0.030449 0.034188
7 0.638889 0.388889 0.027778 0.037037
7 0.48584400000000005 0.425926 0.030449 0.037037
7 0.640224 0.480413 0.032585 0.0349
6 0.615652 0.857906 0.027244 0.061966
8 0.44551300000000005 0.257835 0.028846 0.062678
3 0.49172000000000005 0.505342 0.031517 0.059117
3 0.648504 0.581197 0.028846 0.061254
3 0.504006 0.610043 0.035791 0.05057
3 0.654647 0.679131 0.034722 0.051994
3 0.509882 0.7151 0.043269 0.061254
3 0.662927 0.784188 0.028846 0.064103
12 0.5323180000000001 0.232906 0.048611 0.04416
14 0.5603629999999999 0.371795 0.037393 0.045584
16 0.5886750000000001 0.226852 0.028846 0.032051
5 0.48424100000000003 0.345798 0.034722 0.064815
4 0.5600959999999999 0.871083 0.047543 0.052707
