7 0.650641 0.759615 0.044872 0.018162
7 0.205484 0.776442 0.059117 0.020833
7 0.187678 0.7256940000000001 0.044872 0.020833
11 0.824074 0.869658 0.122507 0.030983
0 0.775285 0.7283649999999999 0.043447 0.025107
12 0.543803 0.728632 0.061966 0.021368
12 0.349715 0.812767 0.079772 0.031517
14 0.27029899999999996 0.814904 0.056268 0.028312
17 0.40277799999999997 0.767628 0.040598 0.030983
4 0.7272080000000001 0.803419 0.076923 0.035256
4 0.595085 0.804754 0.076211 0.034722
4 0.461538 0.8103629999999999 0.079772 0.027778
