11 0.22649600000000003 0.684562 0.061254 0.033654
11 0.502849 0.693109 0.061254 0.033654
11 0.718661 0.696314 0.10114 0.036859
9 0.252849 0.45486099999999996 0.062678 0.036859
9 0.488248 0.44551300000000005 0.061966 0.030983
9 0.70406 0.44738199999999995 0.056268 0.031517
13 0.22435899999999998 0.6225959999999999 0.042735 0.0625
15 0.57265 0.5480769999999999 0.042735 0.037393
17 0.45726500000000003 0.6022970000000001 0.048433 0.038996
1 0.363248 0.613248 0.051282 0.040598
1 0.37108300000000005 0.5625 0.055556 0.036325
5 0.232194 0.5360579999999999 0.051282 0.069979
5 0.754274 0.590545 0.059829 0.049679
5 0.761396 0.528312 0.054131 0.057692
