6 0.279915 0.36672 0.034188 0.030449
6 0.388889 0.361111 0.037037 0.027778
6 0.425926 0.514156 0.037037 0.030449
6 0.480413 0.359776 0.0349 0.032585
7 0.857906 0.384348 0.061966 0.027244
11 0.257835 0.554487 0.062678 0.028846
2 0.505342 0.50828 0.059117 0.031517
2 0.581197 0.351496 0.061254 0.028846
2 0.610043 0.495994 0.05057 0.035791
2 0.679131 0.345353 0.051994 0.034722
2 0.7151 0.490118 0.061254 0.043269
2 0.784188 0.337073 0.064103 0.028846
13 0.232906 0.467682 0.04416 0.048611
15 0.371795 0.439637 0.045584 0.037393
17 0.226852 0.411325 0.032051 0.028846
4 0.345798 0.515759 0.064815 0.034722
5 0.871083 0.439904 0.052707 0.047543
