7 0.6332800000000001 0.720085 0.030449 0.034188
7 0.638889 0.611111 0.027778 0.037037
7 0.48584400000000005 0.574074 0.030449 0.037037
7 0.640224 0.519587 0.032585 0.0349
6 0.615652 0.14209400000000005 0.027244 0.061966
8 0.44551300000000005 0.742165 0.028846 0.062678
1 0.49172000000000005 0.49465800000000004 0.031517 0.059117
1 0.648504 0.41880300000000004 0.028846 0.061254
1 0.504006 0.389957 0.035791 0.05057
1 0.654647 0.32086899999999996 0.034722 0.051994
1 0.509882 0.28490000000000004 0.043269 0.061254
1 0.662927 0.215812 0.028846 0.064103
12 0.5323180000000001 0.7670939999999999 0.048611 0.04416
14 0.5603629999999999 0.628205 0.037393 0.045584
16 0.5886750000000001 0.773148 0.028846 0.032051
5 0.48424100000000003 0.654202 0.034722 0.064815
4 0.5600959999999999 0.12891699999999995 0.047543 0.052707
