6 0.320472 0.084 0.025722 0.0304
6 0.38084 0.0838 0.024672 0.0308
6 0.395801 0.8724 0.037795 0.0304
6 0.486352 0.083 0.032021 0.03
6 0.588976 0.6612 0.026247 0.0216
6 0.622835 0.8656 0.03622 0.028
7 0.300787 0.4728 0.041995 0.0232
7 0.527297 0.4934 0.04252 0.026
11 0.16168 0.2972 0.026247 0.0232
2 0.656955 0.6618 0.04147 0.0252
2 0.727822 0.661 0.050919 0.0276
12 0.523885 0.2798 0.099738 0.0252
13 0.135171 0.512 0.028871 0.0488
13 0.788976 0.7768 0.024147 0.0608
14 0.248031 0.422 0.04357 0.0296
14 0.307612 0.872 0.052493 0.032
14 0.343045 0.4224 0.045669 0.0264
14 0.451969 0.4202 0.046194 0.0252
15 0.159843 0.1346 0.026772 0.0316
16 0.21601 0.8686 0.03622 0.03
17 0.140157 0.8226 0.043045 0.038
17 0.141207 0.768 0.039895 0.036
17 0.721522 0.2274 0.03727 0.0396
3 0.719423 0.1438 0.057218 0.038
3 0.732808 0.4744 0.060892 0.0424
4 0.267717 0.6608 0.087139 0.0216
4 0.387927 0.662 0.095538 0.024
4 0.518373 0.8662 0.064567 0.0292
4 0.519948 0.6614 0.091864 0.0236
4 0.591864 0.0786 0.093963 0.0212
4 0.607087 0.4168 0.102362 0.0272
