6 0.679528 0.916 0.025722 0.0304
6 0.6191599999999999 0.9162 0.024672 0.0308
6 0.6041989999999999 0.12760000000000005 0.037795 0.0304
6 0.513648 0.917 0.032021 0.03
6 0.41102399999999994 0.3388 0.026247 0.0216
6 0.377165 0.13439999999999996 0.03622 0.028
7 0.699213 0.5272 0.041995 0.0232
7 0.472703 0.5065999999999999 0.04252 0.026
9 0.83832 0.7028 0.026247 0.0232
0 0.34304500000000004 0.33819999999999995 0.04147 0.0252
0 0.27217800000000003 0.33899999999999997 0.050919 0.0276
12 0.47611499999999995 0.7202 0.099738 0.0252
13 0.864829 0.488 0.028871 0.0488
13 0.211024 0.22319999999999995 0.024147 0.0608
14 0.751969 0.5780000000000001 0.04357 0.0296
14 0.692388 0.128 0.052493 0.032
14 0.656955 0.5776 0.045669 0.0264
14 0.5480309999999999 0.5798 0.046194 0.0252
15 0.840157 0.8654 0.026772 0.0316
16 0.78399 0.13139999999999996 0.03622 0.03
17 0.859843 0.1774 0.043045 0.038
17 0.858793 0.23199999999999998 0.039895 0.036
17 0.278478 0.7726 0.03727 0.0396
1 0.28057699999999997 0.8562 0.057218 0.038
1 0.267192 0.5256000000000001 0.060892 0.0424
4 0.732283 0.33919999999999995 0.087139 0.0216
4 0.612073 0.33799999999999997 0.095538 0.024
4 0.481627 0.13380000000000003 0.064567 0.0292
4 0.48005200000000003 0.3386 0.091864 0.0236
4 0.40813600000000005 0.9214 0.093963 0.0212
4 0.39291299999999996 0.5831999999999999 0.102362 0.0272
