3 0.33621999999999996 0.3608 0.056168 0.04
6 0.596325 0.3002 0.032546 0.026
7 0.711549 0.8316 0.04357 0.0368
7 0.670604 0.3508 0.044619 0.0288
7 0.5160100000000001 0.35219999999999996 0.044094 0.0212
7 0.435171 0.8944 0.036745 0.024
9 0.866142 0.5998 0.038845 0.0292
12 0.7716540000000001 0.2974 0.086089 0.0276
13 0.678215 0.4182 0.041995 0.0708
13 0.609186 0.7578 0.030971 0.0572
13 0.5217849999999999 0.41859999999999997 0.037795 0.074
15 0.866142 0.4242 0.031496 0.038
15 0.860892 0.7758 0.035696 0.0444
15 0.42545900000000003 0.737 0.028871 0.042
17 0.863517 0.7052 0.047244 0.0504
17 0.863255 0.373 0.03937 0.0388
17 0.426509 0.6764 0.03727 0.0392
1 0.612598 0.8260000000000001 0.059843 0.036
1 0.34068200000000004 0.40700000000000003 0.055643 0.0444
4 0.759843 0.499 0.100262 0.0276
4 0.60105 0.498 0.096588 0.0288
4 0.43963300000000005 0.4952 0.097113 0.0336
5 0.707087 0.7602 0.030446 0.0612
5 0.430184 0.8220000000000001 0.03832 0.0816
