6 0.320472 0.916 0.025722 0.0304
6 0.38084000000000007 0.9162 0.024672 0.0308
6 0.39580100000000007 0.12760000000000005 0.037795 0.0304
6 0.486352 0.917 0.032021 0.03
6 0.588976 0.3388 0.026247 0.0216
6 0.622835 0.13439999999999996 0.03622 0.028
7 0.300787 0.5272 0.041995 0.0232
7 0.527297 0.5065999999999999 0.04252 0.026
9 0.16168000000000005 0.7028 0.026247 0.0232
2 0.656955 0.33819999999999995 0.04147 0.0252
2 0.727822 0.33899999999999997 0.050919 0.0276
12 0.523885 0.7202 0.099738 0.0252
13 0.13517100000000004 0.488 0.028871 0.0488
13 0.788976 0.22319999999999995 0.024147 0.0608
14 0.248031 0.5780000000000001 0.04357 0.0296
14 0.307612 0.128 0.052493 0.032
14 0.34304500000000004 0.5776 0.045669 0.0264
14 0.45196900000000007 0.5798 0.046194 0.0252
15 0.15984299999999996 0.8654 0.026772 0.0316
16 0.21601000000000004 0.13139999999999996 0.03622 0.03
17 0.14015699999999998 0.1774 0.043045 0.038
17 0.14120699999999997 0.23199999999999998 0.039895 0.036
17 0.721522 0.7726 0.03727 0.0396
1 0.719423 0.8562 0.057218 0.038
1 0.732808 0.5256000000000001 0.060892 0.0424
4 0.267717 0.33919999999999995 0.087139 0.0216
4 0.387927 0.33799999999999997 0.095538 0.024
4 0.518373 0.13380000000000003 0.064567 0.0292
4 0.519948 0.3386 0.091864 0.0236
4 0.591864 0.9214 0.093963 0.0212
4 0.607087 0.5831999999999999 0.102362 0.0272
