6 0.679528 0.084 0.025722 0.0304
6 0.6191599999999999 0.0838 0.024672 0.0308
6 0.6041989999999999 0.8724 0.037795 0.0304
6 0.513648 0.083 0.032021 0.03
6 0.41102399999999994 0.6612 0.026247 0.0216
6 0.377165 0.8656 0.03622 0.028
7 0.699213 0.4728 0.041995 0.0232
7 0.472703 0.4934 0.04252 0.026
11 0.83832 0.2972 0.026247 0.0232
0 0.34304500000000004 0.6618 0.04147 0.0252
0 0.27217800000000003 0.661 0.050919 0.0276
12 0.47611499999999995 0.2798 0.099738 0.0252
13 0.864829 0.512 0.028871 0.0488
13 0.211024 0.7768 0.024147 0.0608
14 0.751969 0.422 0.04357 0.0296
14 0.692388 0.872 0.052493 0.032
14 0.656955 0.4224 0.045669 0.0264
14 0.5480309999999999 0.4202 0.046194 0.0252
15 0.840157 0.1346 0.026772 0.0316
16 0.78399 0.8686 0.03622 0.03
17 0.859843 0.8226 0.043045 0.038
17 0.858793 0.768 0.039895 0.036
17 0.278478 0.2274 0.03727 0.0396
3 0.28057699999999997 0.1438 0.057218 0.038
3 0.267192 0.4744 0.060892 0.0424
4 0.732283 0.6608 0.087139 0.0216
4 0.612073 0.662 0.095538 0.024
4 0.481627 0.8662 0.064567 0.0292
4 0.48005200000000003 0.6614 0.091864 0.0236
4 0.40813600000000005 0.0786 0.093963 0.0212
4 0.39291299999999996 0.4168 0.102362 0.0272
