7 0.916 0.320472 0.0304 0.025722
7 0.9162 0.38084 0.0308 0.024672
7 0.12760000000000005 0.395801 0.0304 0.037795
7 0.917 0.486352 0.03 0.032021
7 0.3388 0.588976 0.0216 0.026247
7 0.13439999999999996 0.622835 0.028 0.03622
6 0.5272 0.300787 0.0232 0.041995
6 0.5065999999999999 0.527297 0.026 0.04252
8 0.7028 0.16168 0.0232 0.026247
3 0.33819999999999995 0.656955 0.0252 0.04147
3 0.33899999999999997 0.727822 0.0276 0.050919
13 0.7202 0.523885 0.0252 0.099738
12 0.488 0.135171 0.0488 0.028871
12 0.22319999999999995 0.788976 0.0608 0.024147
15 0.5780000000000001 0.248031 0.0296 0.04357
15 0.128 0.307612 0.032 0.052493
15 0.5776 0.343045 0.0264 0.045669
15 0.5798 0.451969 0.0252 0.046194
14 0.8654 0.159843 0.0316 0.026772
17 0.13139999999999996 0.21601 0.03 0.03622
16 0.1774 0.140157 0.038 0.043045
16 0.23199999999999998 0.141207 0.036 0.039895
16 0.7726 0.721522 0.0396 0.03727
0 0.8562 0.719423 0.038 0.057218
0 0.5256000000000001 0.732808 0.0424 0.060892
5 0.33919999999999995 0.267717 0.0216 0.087139
5 0.33799999999999997 0.387927 0.024 0.095538
5 0.13380000000000003 0.518373 0.0292 0.064567
5 0.3386 0.519948 0.0236 0.091864
5 0.9214 0.591864 0.0212 0.093963
5 0.5831999999999999 0.607087 0.0272 0.102362
