1 0.66378 0.6392 0.056168 0.04
6 0.403675 0.6998 0.032546 0.026
7 0.288451 0.1684 0.04357 0.0368
7 0.329396 0.6492 0.044619 0.0288
7 0.48399 0.6478 0.044094 0.0212
7 0.564829 0.1056 0.036745 0.024
11 0.133858 0.4002 0.038845 0.0292
12 0.228346 0.7026 0.086089 0.0276
13 0.321785 0.5818 0.041995 0.0708
13 0.390814 0.2422 0.030971 0.0572
13 0.478215 0.5814 0.037795 0.074
15 0.133858 0.5758 0.031496 0.038
15 0.139108 0.2242 0.035696 0.0444
15 0.574541 0.263 0.028871 0.042
17 0.136483 0.2948 0.047244 0.0504
17 0.136745 0.627 0.03937 0.0388
17 0.573491 0.3236 0.03727 0.0392
3 0.387402 0.174 0.059843 0.036
3 0.659318 0.593 0.055643 0.0444
4 0.240157 0.501 0.100262 0.0276
4 0.39895 0.502 0.096588 0.0288
4 0.560367 0.5048 0.097113 0.0336
5 0.292913 0.2398 0.030446 0.0612
5 0.569816 0.178 0.03832 0.0816
