0 0.6392 0.33621999999999996 0.04 0.056168
7 0.6998 0.596325 0.026 0.032546
6 0.1684 0.711549 0.0368 0.04357
6 0.6492 0.670604 0.0288 0.044619
6 0.6478 0.5160100000000001 0.0212 0.044094
6 0.10560000000000003 0.435171 0.024 0.036745
10 0.4002 0.866142 0.0292 0.038845
13 0.7026 0.7716540000000001 0.0276 0.086089
12 0.5818 0.678215 0.0708 0.041995
12 0.24219999999999997 0.609186 0.0572 0.030971
12 0.5814 0.5217849999999999 0.074 0.037795
14 0.5758 0.866142 0.038 0.031496
14 0.22419999999999995 0.860892 0.0444 0.035696
14 0.263 0.42545900000000003 0.042 0.028871
16 0.29479999999999995 0.863517 0.0504 0.047244
16 0.627 0.863255 0.0388 0.03937
16 0.3236 0.426509 0.0392 0.03727
2 0.17399999999999993 0.612598 0.036 0.059843
2 0.593 0.34068200000000004 0.0444 0.055643
5 0.501 0.759843 0.0276 0.100262
5 0.502 0.60105 0.0288 0.096588
5 0.5048 0.43963300000000005 0.0336 0.097113
4 0.2398 0.707087 0.0612 0.030446
4 0.17799999999999994 0.430184 0.0816 0.03832
