2 0.43716900000000003 0.47259399999999996 0.098325 0.047371
6 0.683862 0.19506400000000002 0.057319 0.056796
6 0.26565300000000003 0.18551600000000001 0.051587 0.051091
11 0.5224869999999999 0.550099 0.106702 0.047123
12 0.38690500000000005 0.07800099999999999 0.16358 0.046379
14 0.285273 0.469618 0.109347 0.044395
17 0.950397 0.32874499999999995 0.089506 0.080109
0 0.41997399999999996 0.18836799999999998 0.090388 0.049355
4 0.766975 0.47767899999999996 0.162698 0.044643
4 0.36750400000000005 0.295015 0.164462 0.03745
4 0.856041 0.20014900000000002 0.145944 0.040675
