0 0.562831 0.47259399999999996 0.098325 0.047371
6 0.31613800000000003 0.19506400000000002 0.057319 0.056796
6 0.734347 0.18551600000000001 0.051587 0.051091
11 0.4775130000000001 0.550099 0.106702 0.047123
12 0.613095 0.07800099999999999 0.16358 0.046379
14 0.714727 0.469618 0.109347 0.044395
17 0.04960299999999995 0.32874499999999995 0.089506 0.080109
2 0.580026 0.18836799999999998 0.090388 0.049355
4 0.23302500000000004 0.47767899999999996 0.162698 0.044643
4 0.632496 0.295015 0.164462 0.03745
4 0.14395899999999995 0.20014900000000002 0.145944 0.040675
