1 0.47259399999999996 0.562831 0.047371 0.098325
7 0.19506400000000002 0.316138 0.056796 0.057319
7 0.18551600000000001 0.734347 0.051091 0.051587
10 0.550099 0.477513 0.047123 0.106702
13 0.07800099999999999 0.613095 0.046379 0.16358
15 0.469618 0.714727 0.044395 0.109347
16 0.32874499999999995 0.049603 0.080109 0.089506
3 0.18836799999999998 0.580026 0.049355 0.090388
5 0.47767899999999996 0.233025 0.044643 0.162698
5 0.295015 0.632496 0.03745 0.164462
5 0.20014900000000002 0.143959 0.040675 0.145944
