1 0.206897 0.435441 0.053879 0.111494
6 0.626078 0.177395 0.034052 0.085057
7 0.770797 0.516858 0.053664 0.067433
7 0.34288799999999997 0.452107 0.042672 0.076628
11 0.535022 0.870307 0.067026 0.063218
12 0.7746770000000001 0.793678 0.096336 0.091571
12 0.76056 0.183333 0.100862 0.070115
15 0.888147 0.533525 0.07931 0.178161
17 0.532543 0.331992 0.087069 0.158238
3 0.53222 0.567241 0.041164 0.123755
4 0.637823 0.781034 0.08556 0.083142
5 0.877802 0.307854 0.043103 0.167433
5 0.43933199999999994 0.466667 0.029526 0.140996
