6 0.657651 0.699234 0.041164 0.112644
7 0.467241 0.49789300000000003 0.064224 0.085441
9 0.8600220000000001 0.12643700000000002 0.104957 0.099617
12 0.556681 0.24865899999999996 0.121552 0.100383
12 0.5463359999999999 0.705364 0.108621 0.085824
15 0.286853 0.40938699999999995 0.075862 0.163602
17 0.862608 0.459387 0.08556 0.177011
1 0.12435300000000005 0.386973 0.054741 0.111111
4 0.39870700000000003 0.7222219999999999 0.09181 0.085057
5 0.762177 0.48371600000000003 0.04806 0.182759
5 0.28297399999999995 0.584674 0.040086 0.154023
5 0.12435300000000005 0.587548 0.04181 0.15364
