0 0.561746 0.715709 0.053664 0.108812
1 0.154849 0.187739 0.039009 0.068966
6 0.229095 0.720115 0.032759 0.07318
6 0.272845 0.127011 0.032759 0.080843
7 0.322414 0.401533 0.053017 0.064368
7 0.729526 0.447318 0.049569 0.068582
11 0.126509 0.799425 0.071121 0.06705
11 0.671228 0.821073 0.071336 0.077395
2 0.595797 0.122797 0.045043 0.080843
13 0.418211 0.414368 0.044181 0.185057
13 0.499784 0.417433 0.046121 0.178927
13 0.681897 0.441762 0.032759 0.126437
15 0.8625 0.487739 0.071121 0.177011
17 0.145151 0.414559 0.073922 0.154789
5 0.246875 0.403257 0.032974 0.141379
5 0.633836 0.441188 0.027586 0.140613
5 0.868642 0.271456 0.040302 0.139847
