0 0.447318 0.811327 0.085441 0.042071
0 0.371456 0.297195 0.09387 0.051133
6 0.744061 0.695038 0.068199 0.051564
6 0.21666699999999994 0.43096 0.070115 0.065804
10 0.922414 0.7015100000000001 0.065517 0.074002
13 0.09387000000000001 0.5764830000000001 0.081992 0.091909
12 0.595594 0.691154 0.131418 0.039914
12 0.379502 0.436354 0.149808 0.04466
14 0.468391 0.909385 0.179693 0.076807
14 0.245977 0.29212499999999997 0.162452 0.06904
16 0.584674 0.29805800000000005 0.19387 0.071413
16 0.40938699999999995 0.166775 0.161303 0.072923
2 0.44597700000000007 0.29590099999999997 0.094253 0.052859
5 0.11341000000000001 0.731392 0.072031 0.062999
4 0.237356 0.897627 0.142912 0.037325
4 0.383908 0.6815530000000001 0.16705 0.044876
4 0.583333 0.43538299999999996 0.156705 0.0548
4 0.3977010000000001 0.07216800000000001 0.169349 0.045523
