2 0.564559 0.793103 0.111494 0.053879
7 0.822605 0.373922 0.085057 0.034052
6 0.48314199999999996 0.229203 0.067433 0.053664
6 0.547893 0.657112 0.076628 0.042672
8 0.12969299999999995 0.464978 0.063218 0.067026
13 0.206322 0.225323 0.091571 0.096336
13 0.816667 0.23944 0.070115 0.100862
14 0.466475 0.111853 0.178161 0.07931
16 0.6680079999999999 0.467457 0.158238 0.087069
0 0.432759 0.46778 0.123755 0.041164
5 0.218966 0.362177 0.083142 0.08556
4 0.6921459999999999 0.122198 0.167433 0.043103
4 0.5333330000000001 0.560668 0.140996 0.029526
