1 0.811327 0.447318 0.042071 0.085441
1 0.297195 0.371456 0.051133 0.09387
7 0.695038 0.744061 0.051564 0.068199
7 0.43096 0.216667 0.065804 0.070115
11 0.7015100000000001 0.922414 0.074002 0.065517
12 0.5764830000000001 0.09387 0.091909 0.081992
13 0.691154 0.595594 0.039914 0.131418
13 0.436354 0.379502 0.04466 0.149808
15 0.909385 0.468391 0.076807 0.179693
15 0.29212499999999997 0.245977 0.06904 0.162452
17 0.29805800000000005 0.584674 0.071413 0.19387
17 0.166775 0.409387 0.072923 0.161303
3 0.29590099999999997 0.445977 0.052859 0.094253
4 0.731392 0.11341 0.062999 0.072031
5 0.897627 0.237356 0.037325 0.142912
5 0.6815530000000001 0.383908 0.044876 0.16705
5 0.43538299999999996 0.583333 0.0548 0.156705
5 0.07216800000000001 0.397701 0.045523 0.169349
