2 0.43825400000000003 0.28429099999999996 0.053664 0.108812
3 0.845151 0.812261 0.039009 0.068966
6 0.770905 0.27988500000000005 0.032759 0.07318
6 0.727155 0.872989 0.032759 0.080843
7 0.677586 0.5984670000000001 0.053017 0.064368
7 0.270474 0.552682 0.049569 0.068582
9 0.873491 0.20057499999999995 0.071121 0.06705
9 0.32877199999999995 0.17892699999999995 0.071336 0.077395
0 0.404203 0.877203 0.045043 0.080843
13 0.581789 0.5856319999999999 0.044181 0.185057
13 0.500216 0.5825670000000001 0.046121 0.178927
13 0.318103 0.558238 0.032759 0.126437
15 0.13749999999999996 0.5122610000000001 0.071121 0.177011
17 0.854849 0.585441 0.073922 0.154789
5 0.753125 0.596743 0.032974 0.141379
5 0.36616400000000004 0.558812 0.027586 0.140613
5 0.13135799999999997 0.7285440000000001 0.040302 0.139847
