6 0.657651 0.300766 0.041164 0.112644
7 0.467241 0.502107 0.064224 0.085441
11 0.8600220000000001 0.873563 0.104957 0.099617
12 0.556681 0.751341 0.121552 0.100383
12 0.5463359999999999 0.294636 0.108621 0.085824
15 0.286853 0.590613 0.075862 0.163602
17 0.862608 0.540613 0.08556 0.177011
3 0.12435300000000005 0.613027 0.054741 0.111111
4 0.39870700000000003 0.277778 0.09181 0.085057
5 0.762177 0.516284 0.04806 0.182759
5 0.28297399999999995 0.415326 0.040086 0.154023
5 0.12435300000000005 0.412452 0.04181 0.15364
