0 0.561746 0.28429099999999996 0.053664 0.108812
3 0.15484900000000001 0.812261 0.039009 0.068966
6 0.22909500000000005 0.27988500000000005 0.032759 0.07318
6 0.272845 0.872989 0.032759 0.080843
7 0.322414 0.5984670000000001 0.053017 0.064368
7 0.729526 0.552682 0.049569 0.068582
9 0.12650899999999998 0.20057499999999995 0.071121 0.06705
9 0.671228 0.17892699999999995 0.071336 0.077395
2 0.595797 0.877203 0.045043 0.080843
13 0.418211 0.5856319999999999 0.044181 0.185057
13 0.499784 0.5825670000000001 0.046121 0.178927
13 0.681897 0.558238 0.032759 0.126437
15 0.8625 0.5122610000000001 0.071121 0.177011
17 0.14515100000000003 0.585441 0.073922 0.154789
5 0.24687499999999996 0.596743 0.032974 0.141379
5 0.633836 0.558812 0.027586 0.140613
5 0.868642 0.7285440000000001 0.040302 0.139847
