1 0.715709 0.561746 0.108812 0.053664
0 0.187739 0.15484900000000001 0.068966 0.039009
7 0.720115 0.22909500000000005 0.07318 0.032759
7 0.12701099999999999 0.272845 0.080843 0.032759
6 0.4015329999999999 0.322414 0.064368 0.053017
6 0.447318 0.729526 0.068582 0.049569
10 0.799425 0.12650899999999998 0.06705 0.071121
10 0.821073 0.671228 0.077395 0.071336
3 0.12279700000000005 0.595797 0.080843 0.045043
12 0.41436800000000007 0.418211 0.185057 0.044181
12 0.41743299999999994 0.499784 0.178927 0.046121
12 0.441762 0.681897 0.126437 0.032759
14 0.4877389999999999 0.8625 0.177011 0.071121
16 0.414559 0.14515100000000003 0.154789 0.073922
4 0.403257 0.24687499999999996 0.141379 0.032974
4 0.441188 0.633836 0.140613 0.027586
4 0.2714559999999999 0.868642 0.139847 0.040302
