7 0.300766 0.342349 0.112644 0.041164
6 0.502107 0.532759 0.085441 0.064224
10 0.873563 0.13997799999999994 0.099617 0.104957
13 0.751341 0.443319 0.100383 0.121552
13 0.294636 0.45366400000000007 0.085824 0.108621
14 0.590613 0.713147 0.163602 0.075862
16 0.540613 0.13739199999999996 0.177011 0.08556
2 0.613027 0.875647 0.111111 0.054741
5 0.2777780000000001 0.601293 0.085057 0.09181
4 0.516284 0.237823 0.182759 0.04806
4 0.415326 0.717026 0.154023 0.040086
4 0.41245200000000004 0.875647 0.15364 0.04181
