2 0.552682 0.811327 0.085441 0.042071
2 0.628544 0.297195 0.09387 0.051133
6 0.255939 0.695038 0.068199 0.051564
6 0.7833330000000001 0.43096 0.070115 0.065804
8 0.07758600000000004 0.7015100000000001 0.065517 0.074002
13 0.90613 0.5764830000000001 0.081992 0.091909
12 0.40440600000000004 0.691154 0.131418 0.039914
12 0.620498 0.436354 0.149808 0.04466
14 0.531609 0.909385 0.179693 0.076807
14 0.754023 0.29212499999999997 0.162452 0.06904
16 0.415326 0.29805800000000005 0.19387 0.071413
16 0.590613 0.166775 0.161303 0.072923
0 0.5540229999999999 0.29590099999999997 0.094253 0.052859
5 0.88659 0.731392 0.072031 0.062999
4 0.762644 0.897627 0.142912 0.037325
4 0.616092 0.6815530000000001 0.16705 0.044876
4 0.416667 0.43538299999999996 0.156705 0.0548
4 0.6022989999999999 0.07216800000000001 0.169349 0.045523
