0 0.43544099999999997 0.206897 0.111494 0.053879
7 0.17739499999999997 0.626078 0.085057 0.034052
6 0.516858 0.770797 0.067433 0.053664
6 0.45210700000000004 0.34288799999999997 0.076628 0.042672
10 0.870307 0.535022 0.063218 0.067026
13 0.793678 0.7746770000000001 0.091571 0.096336
13 0.18333299999999997 0.76056 0.070115 0.100862
14 0.533525 0.888147 0.178161 0.07931
16 0.33199200000000006 0.532543 0.158238 0.087069
2 0.567241 0.53222 0.123755 0.041164
5 0.781034 0.637823 0.083142 0.08556
4 0.30785400000000007 0.877802 0.167433 0.043103
4 0.46666699999999994 0.43933199999999994 0.140996 0.029526
