1 0.28429099999999996 0.561746 0.108812 0.053664
2 0.812261 0.154849 0.068966 0.039009
7 0.27988500000000005 0.229095 0.07318 0.032759
7 0.872989 0.272845 0.080843 0.032759
6 0.5984670000000001 0.322414 0.064368 0.053017
6 0.552682 0.729526 0.068582 0.049569
8 0.20057499999999995 0.126509 0.06705 0.071121
8 0.17892699999999995 0.671228 0.077395 0.071336
3 0.877203 0.595797 0.080843 0.045043
12 0.5856319999999999 0.418211 0.185057 0.044181
12 0.5825670000000001 0.499784 0.178927 0.046121
12 0.558238 0.681897 0.126437 0.032759
14 0.5122610000000001 0.8625 0.177011 0.071121
16 0.585441 0.145151 0.154789 0.073922
4 0.596743 0.246875 0.141379 0.032974
4 0.558812 0.633836 0.140613 0.027586
4 0.7285440000000001 0.868642 0.139847 0.040302
