3 0.18867299999999998 0.552682 0.042071 0.085441
3 0.702805 0.628544 0.051133 0.09387
7 0.30496199999999996 0.255939 0.051564 0.068199
7 0.56904 0.7833330000000001 0.065804 0.070115
9 0.2984899999999999 0.07758600000000004 0.074002 0.065517
12 0.4235169999999999 0.90613 0.091909 0.081992
13 0.30884599999999995 0.40440600000000004 0.039914 0.131418
13 0.563646 0.620498 0.04466 0.149808
15 0.090615 0.531609 0.076807 0.179693
15 0.707875 0.754023 0.06904 0.162452
17 0.701942 0.415326 0.071413 0.19387
17 0.833225 0.590613 0.072923 0.161303
1 0.704099 0.5540229999999999 0.052859 0.094253
4 0.26860799999999996 0.88659 0.062999 0.072031
5 0.10237300000000005 0.762644 0.037325 0.142912
5 0.3184469999999999 0.616092 0.044876 0.16705
5 0.564617 0.416667 0.0548 0.156705
5 0.927832 0.6022989999999999 0.045523 0.169349
