0 0.43544099999999997 0.793103 0.111494 0.053879
7 0.17739499999999997 0.373922 0.085057 0.034052
6 0.516858 0.22920300000000005 0.067433 0.053664
6 0.45210700000000004 0.657112 0.076628 0.042672
10 0.870307 0.464978 0.063218 0.067026
13 0.793678 0.22532299999999994 0.091571 0.096336
13 0.18333299999999997 0.23944 0.070115 0.100862
14 0.533525 0.11185299999999998 0.178161 0.07931
16 0.33199200000000006 0.467457 0.158238 0.087069
2 0.567241 0.46778 0.123755 0.041164
5 0.781034 0.36217699999999997 0.083142 0.08556
4 0.30785400000000007 0.12219800000000003 0.167433 0.043103
4 0.46666699999999994 0.560668 0.140996 0.029526
