6 0.342349 0.699234 0.041164 0.112644
7 0.532759 0.49789300000000003 0.064224 0.085441
9 0.13997799999999994 0.12643700000000002 0.104957 0.099617
12 0.443319 0.24865899999999996 0.121552 0.100383
12 0.45366400000000007 0.705364 0.108621 0.085824
15 0.713147 0.40938699999999995 0.075862 0.163602
17 0.13739199999999996 0.459387 0.08556 0.177011
1 0.875647 0.386973 0.054741 0.111111
4 0.601293 0.7222219999999999 0.09181 0.085057
5 0.237823 0.48371600000000003 0.04806 0.182759
5 0.717026 0.584674 0.040086 0.154023
5 0.875647 0.587548 0.04181 0.15364
