3 0.793103 0.564559 0.053879 0.111494
6 0.373922 0.822605 0.034052 0.085057
7 0.22920300000000005 0.48314199999999996 0.053664 0.067433
7 0.657112 0.547893 0.042672 0.076628
9 0.464978 0.12969299999999995 0.067026 0.063218
12 0.22532299999999994 0.206322 0.096336 0.091571
12 0.23944 0.816667 0.100862 0.070115
15 0.11185299999999998 0.466475 0.07931 0.178161
17 0.467457 0.6680079999999999 0.087069 0.158238
1 0.46778 0.432759 0.041164 0.123755
4 0.36217699999999997 0.218966 0.08556 0.083142
5 0.12219800000000003 0.6921459999999999 0.043103 0.167433
5 0.560668 0.5333330000000001 0.029526 0.140996
