2 0.564559 0.206897 0.111494 0.053879
7 0.822605 0.626078 0.085057 0.034052
6 0.48314199999999996 0.770797 0.067433 0.053664
6 0.547893 0.34288799999999997 0.076628 0.042672
8 0.12969299999999995 0.535022 0.063218 0.067026
13 0.206322 0.7746770000000001 0.091571 0.096336
13 0.816667 0.76056 0.070115 0.100862
14 0.466475 0.888147 0.178161 0.07931
16 0.6680079999999999 0.532543 0.158238 0.087069
0 0.432759 0.53222 0.123755 0.041164
5 0.218966 0.637823 0.083142 0.08556
4 0.6921459999999999 0.877802 0.167433 0.043103
4 0.5333330000000001 0.43933199999999994 0.140996 0.029526
