7 0.699234 0.657651 0.112644 0.041164
6 0.49789300000000003 0.467241 0.085441 0.064224
8 0.12643700000000002 0.8600220000000001 0.099617 0.104957
13 0.24865899999999996 0.556681 0.100383 0.121552
13 0.705364 0.5463359999999999 0.085824 0.108621
14 0.40938699999999995 0.286853 0.163602 0.075862
16 0.459387 0.862608 0.177011 0.08556
0 0.386973 0.12435300000000005 0.111111 0.054741
5 0.7222219999999999 0.39870700000000003 0.085057 0.09181
4 0.48371600000000003 0.762177 0.182759 0.04806
4 0.584674 0.28297399999999995 0.154023 0.040086
4 0.587548 0.12435300000000005 0.15364 0.04181
