3 0.30829799999999996 0.474375 0.057773 0.0675
3 0.328782 0.298125 0.067227 0.06875
3 0.856618 0.17968799999999996 0.064076 0.061875
7 0.865546 0.553438 0.094538 0.043125
7 0.515231 0.504375 0.072479 0.0625
7 0.16491600000000006 0.46031299999999997 0.077731 0.046875
6 0.66229 0.6231249999999999 0.114496 0.04625
8 0.375 0.924687 0.065126 0.054375
13 0.862395 0.434063 0.090336 0.115625
15 0.483193 0.723438 0.086134 0.084375
17 0.347689 0.18937499999999996 0.069328 0.0775
16 0.709559 0.08875 0.127101 0.0475
5 0.518382 0.395625 0.076681 0.11
5 0.855567 0.28874999999999995 0.072479 0.105
5 0.529412 0.25843700000000003 0.081933 0.105625
4 0.672269 0.819688 0.140756 0.038125
