3 0.803061 0.859063 0.063265 0.049375
3 0.82551 0.3225 0.059184 0.05125
0 0.30000000000000004 0.525938 0.1 0.040625
0 0.756633 0.12 0.111224 0.03625
7 0.809184 0.49375 0.097959 0.03125
6 0.696939 0.915 0.069388 0.04625
6 0.636735 0.115313 0.077551 0.030625
8 0.10153100000000004 0.516562 0.047959 0.028125
13 0.904082 0.725 0.057143 0.07375
13 0.816327 0.416875 0.057143 0.0725
12 0.512245 0.12124999999999997 0.104082 0.035
14 0.39898 0.6856249999999999 0.093878 0.04
14 0.32806099999999994 0.06593700000000002 0.092857 0.033125
16 0.626531 0.5387500000000001 0.1 0.0475
5 0.580612 0.773438 0.061224 0.076875
5 0.915816 0.630625 0.066327 0.07875
5 0.904082 0.18531200000000003 0.057143 0.065625
4 0.462245 0.532187 0.093878 0.038125
4 0.3275509999999999 0.165937 0.089796 0.028125
