1 0.691702 0.525625 0.057773 0.0675
1 0.671218 0.701875 0.067227 0.06875
1 0.143382 0.820312 0.064076 0.061875
7 0.13445399999999996 0.446562 0.094538 0.043125
7 0.484769 0.495625 0.072479 0.0625
7 0.8350839999999999 0.539687 0.077731 0.046875
6 0.33770999999999995 0.376875 0.114496 0.04625
10 0.625 0.075313 0.065126 0.054375
13 0.13760499999999998 0.565937 0.090336 0.115625
15 0.516807 0.276562 0.086134 0.084375
17 0.652311 0.810625 0.069328 0.0775
16 0.29044099999999995 0.91125 0.127101 0.0475
5 0.481618 0.604375 0.076681 0.11
5 0.14443300000000003 0.71125 0.072479 0.105
5 0.470588 0.741563 0.081933 0.105625
4 0.327731 0.180312 0.140756 0.038125
