0 0.525625 0.308298 0.0675 0.057773
0 0.701875 0.328782 0.06875 0.067227
0 0.820312 0.856618 0.061875 0.064076
6 0.446562 0.865546 0.043125 0.094538
6 0.495625 0.515231 0.0625 0.072479
6 0.539687 0.164916 0.046875 0.077731
7 0.376875 0.66229 0.04625 0.114496
9 0.075313 0.375 0.054375 0.065126
12 0.565937 0.862395 0.115625 0.090336
14 0.276562 0.483193 0.084375 0.086134
16 0.810625 0.347689 0.0775 0.069328
17 0.91125 0.709559 0.0475 0.127101
4 0.604375 0.518382 0.11 0.076681
4 0.71125 0.855567 0.105 0.072479
4 0.741563 0.529412 0.105625 0.081933
5 0.180312 0.672269 0.038125 0.140756
