1 0.30829799999999996 0.525625 0.057773 0.0675
1 0.328782 0.701875 0.067227 0.06875
1 0.856618 0.820312 0.064076 0.061875
7 0.865546 0.446562 0.094538 0.043125
7 0.515231 0.495625 0.072479 0.0625
7 0.16491600000000006 0.539687 0.077731 0.046875
6 0.66229 0.37687500000000007 0.114496 0.04625
8 0.375 0.07531299999999996 0.065126 0.054375
13 0.862395 0.565937 0.090336 0.115625
15 0.483193 0.276562 0.086134 0.084375
17 0.347689 0.810625 0.069328 0.0775
16 0.709559 0.91125 0.127101 0.0475
5 0.518382 0.604375 0.076681 0.11
5 0.855567 0.71125 0.072479 0.105
5 0.529412 0.741563 0.081933 0.105625
4 0.672269 0.18031200000000003 0.140756 0.038125
