1 0.19693899999999998 0.140937 0.063265 0.049375
1 0.17449000000000003 0.6775 0.059184 0.05125
2 0.7 0.474062 0.1 0.040625
2 0.243367 0.88 0.111224 0.03625
7 0.19081599999999999 0.50625 0.097959 0.03125
6 0.303061 0.085 0.069388 0.04625
6 0.36326499999999995 0.884687 0.077551 0.030625
10 0.898469 0.483438 0.047959 0.028125
13 0.09591799999999995 0.275 0.057143 0.07375
13 0.18367299999999998 0.583125 0.057143 0.0725
12 0.48775500000000005 0.87875 0.104082 0.035
14 0.60102 0.314375 0.093878 0.04
14 0.6719390000000001 0.934063 0.092857 0.033125
16 0.37346900000000005 0.46125 0.1 0.0475
5 0.419388 0.226562 0.061224 0.076875
5 0.08418400000000004 0.369375 0.066327 0.07875
5 0.09591799999999995 0.814688 0.057143 0.065625
4 0.537755 0.467813 0.093878 0.038125
4 0.6724490000000001 0.834063 0.089796 0.028125
