2 0.859063 0.803061 0.049375 0.063265
2 0.3225 0.82551 0.05125 0.059184
1 0.525938 0.3 0.040625 0.1
1 0.12 0.756633 0.03625 0.111224
6 0.49375 0.809184 0.03125 0.097959
7 0.915 0.696939 0.04625 0.069388
7 0.115313 0.636735 0.030625 0.077551
9 0.516562 0.101531 0.028125 0.047959
12 0.725 0.904082 0.07375 0.057143
12 0.416875 0.816327 0.0725 0.057143
13 0.12124999999999997 0.512245 0.035 0.104082
15 0.6856249999999999 0.39898 0.04 0.093878
15 0.06593700000000002 0.328061 0.033125 0.092857
17 0.5387500000000001 0.626531 0.0475 0.1
4 0.773438 0.580612 0.076875 0.061224
4 0.630625 0.915816 0.07875 0.066327
4 0.18531200000000003 0.904082 0.065625 0.057143
5 0.532187 0.462245 0.038125 0.093878
5 0.165937 0.327551 0.028125 0.089796
