3 0.19693899999999998 0.859063 0.063265 0.049375
3 0.17449000000000003 0.3225 0.059184 0.05125
2 0.7 0.525938 0.1 0.040625
2 0.243367 0.12 0.111224 0.03625
7 0.19081599999999999 0.49375 0.097959 0.03125
6 0.303061 0.915 0.069388 0.04625
6 0.36326499999999995 0.115313 0.077551 0.030625
10 0.898469 0.516562 0.047959 0.028125
13 0.09591799999999995 0.725 0.057143 0.07375
13 0.18367299999999998 0.416875 0.057143 0.0725
12 0.48775500000000005 0.12124999999999997 0.104082 0.035
14 0.60102 0.6856249999999999 0.093878 0.04
14 0.6719390000000001 0.06593700000000002 0.092857 0.033125
16 0.37346900000000005 0.5387500000000001 0.1 0.0475
5 0.419388 0.773438 0.061224 0.076875
5 0.08418400000000004 0.630625 0.066327 0.07875
5 0.09591799999999995 0.18531200000000003 0.057143 0.065625
4 0.537755 0.532187 0.093878 0.038125
4 0.6724490000000001 0.165937 0.089796 0.028125
