2 0.859063 0.19693899999999998 0.049375 0.063265
2 0.3225 0.17449000000000003 0.05125 0.059184
3 0.525938 0.7 0.040625 0.1
3 0.12 0.243367 0.03625 0.111224
6 0.49375 0.19081599999999999 0.03125 0.097959
7 0.915 0.303061 0.04625 0.069388
7 0.115313 0.36326499999999995 0.030625 0.077551
11 0.516562 0.898469 0.028125 0.047959
12 0.725 0.09591799999999995 0.07375 0.057143
12 0.416875 0.18367299999999998 0.0725 0.057143
13 0.12124999999999997 0.48775500000000005 0.035 0.104082
15 0.6856249999999999 0.60102 0.04 0.093878
15 0.06593700000000002 0.6719390000000001 0.033125 0.092857
17 0.5387500000000001 0.37346900000000005 0.0475 0.1
4 0.773438 0.419388 0.076875 0.061224
4 0.630625 0.08418400000000004 0.07875 0.066327
4 0.18531200000000003 0.09591799999999995 0.065625 0.057143
5 0.532187 0.537755 0.038125 0.093878
5 0.165937 0.6724490000000001 0.028125 0.089796
