2 0.474375 0.691702 0.0675 0.057773
2 0.298125 0.671218 0.06875 0.067227
2 0.17968799999999996 0.143382 0.061875 0.064076
6 0.553438 0.13445399999999996 0.043125 0.094538
6 0.504375 0.484769 0.0625 0.072479
6 0.46031299999999997 0.8350839999999999 0.046875 0.077731
7 0.6231249999999999 0.33770999999999995 0.04625 0.114496
11 0.924687 0.625 0.054375 0.065126
12 0.434063 0.13760499999999998 0.115625 0.090336
14 0.723438 0.516807 0.084375 0.086134
16 0.18937499999999996 0.652311 0.0775 0.069328
17 0.08875 0.29044099999999995 0.0475 0.127101
4 0.395625 0.481618 0.11 0.076681
4 0.28874999999999995 0.14443300000000003 0.105 0.072479
4 0.25843700000000003 0.470588 0.105625 0.081933
5 0.819688 0.327731 0.038125 0.140756
