0 0.14093699999999998 0.19693899999999998 0.049375 0.063265
0 0.6775 0.17449000000000003 0.05125 0.059184
3 0.474062 0.7 0.040625 0.1
3 0.88 0.243367 0.03625 0.111224
6 0.50625 0.19081599999999999 0.03125 0.097959
7 0.08499999999999996 0.303061 0.04625 0.069388
7 0.884687 0.36326499999999995 0.030625 0.077551
11 0.48343800000000003 0.898469 0.028125 0.047959
12 0.275 0.09591799999999995 0.07375 0.057143
12 0.583125 0.18367299999999998 0.0725 0.057143
13 0.87875 0.48775500000000005 0.035 0.104082
15 0.31437500000000007 0.60102 0.04 0.093878
15 0.934063 0.6719390000000001 0.033125 0.092857
17 0.46124999999999994 0.37346900000000005 0.0475 0.1
4 0.22656200000000004 0.419388 0.076875 0.061224
4 0.369375 0.08418400000000004 0.07875 0.066327
4 0.814688 0.09591799999999995 0.065625 0.057143
5 0.46781300000000003 0.537755 0.038125 0.093878
5 0.834063 0.6724490000000001 0.028125 0.089796
