0 0.525625 0.691702 0.0675 0.057773
0 0.701875 0.671218 0.06875 0.067227
0 0.820312 0.143382 0.061875 0.064076
6 0.446562 0.13445399999999996 0.043125 0.094538
6 0.495625 0.484769 0.0625 0.072479
6 0.539687 0.8350839999999999 0.046875 0.077731
7 0.37687500000000007 0.33770999999999995 0.04625 0.114496
11 0.07531299999999996 0.625 0.054375 0.065126
12 0.565937 0.13760499999999998 0.115625 0.090336
14 0.276562 0.516807 0.084375 0.086134
16 0.810625 0.652311 0.0775 0.069328
17 0.91125 0.29044099999999995 0.0475 0.127101
4 0.604375 0.481618 0.11 0.076681
4 0.71125 0.14443300000000003 0.105 0.072479
4 0.741563 0.470588 0.105625 0.081933
5 0.18031200000000003 0.327731 0.038125 0.140756
