0 0.140937 0.803061 0.049375 0.063265
0 0.6775 0.82551 0.05125 0.059184
1 0.474062 0.3 0.040625 0.1
1 0.88 0.756633 0.03625 0.111224
6 0.50625 0.809184 0.03125 0.097959
7 0.085 0.696939 0.04625 0.069388
7 0.884687 0.636735 0.030625 0.077551
9 0.483438 0.101531 0.028125 0.047959
12 0.275 0.904082 0.07375 0.057143
12 0.583125 0.816327 0.0725 0.057143
13 0.87875 0.512245 0.035 0.104082
15 0.314375 0.39898 0.04 0.093878
15 0.934063 0.328061 0.033125 0.092857
17 0.46125 0.626531 0.0475 0.1
4 0.226562 0.580612 0.076875 0.061224
4 0.369375 0.915816 0.07875 0.066327
4 0.814688 0.904082 0.065625 0.057143
5 0.467813 0.462245 0.038125 0.093878
5 0.834063 0.327551 0.028125 0.089796
