3 0.691702 0.474375 0.057773 0.0675
3 0.671218 0.298125 0.067227 0.06875
3 0.143382 0.17968799999999996 0.064076 0.061875
7 0.13445399999999996 0.553438 0.094538 0.043125
7 0.484769 0.504375 0.072479 0.0625
7 0.8350839999999999 0.46031299999999997 0.077731 0.046875
6 0.33770999999999995 0.6231249999999999 0.114496 0.04625
10 0.625 0.924687 0.065126 0.054375
13 0.13760499999999998 0.434063 0.090336 0.115625
15 0.516807 0.723438 0.086134 0.084375
17 0.652311 0.18937499999999996 0.069328 0.0775
16 0.29044099999999995 0.08875 0.127101 0.0475
5 0.481618 0.395625 0.076681 0.11
5 0.14443300000000003 0.28874999999999995 0.072479 0.105
5 0.470588 0.25843700000000003 0.081933 0.105625
4 0.327731 0.819688 0.140756 0.038125
