1 0.830874 0.320421 0.037326 0.044488
1 0.683304 0.32411 0.046007 0.042752
1 0.33072900000000005 0.34451 0.033565 0.04579
1 0.6876450000000001 0.388129 0.052373 0.054905
1 0.12876200000000004 0.400391 0.043403 0.053819
1 0.440538 0.459093 0.043692 0.048394
1 0.766059 0.568359 0.051215 0.055122
1 0.14091399999999998 0.642578 0.056134 0.06033
1 0.869068 0.659831 0.039641 0.054905
1 0.7709779999999999 0.66645 0.036748 0.052083
1 0.44921900000000003 0.672418 0.045428 0.0523
1 0.14438700000000004 0.748155 0.049769 0.064453
1 0.264178 0.760091 0.046875 0.0523
1 0.450376 0.764974 0.039641 0.050781
2 0.399884 0.837999 0.064815 0.038411
2 0.48943899999999996 0.838759 0.065683 0.039931
7 0.8748549999999999 0.753147 0.048322 0.03928
7 0.593461 0.759006 0.042245 0.042752
7 0.775029 0.766927 0.0489 0.046875
6 0.566117 0.832682 0.041956 0.040799
6 0.634115 0.833116 0.045428 0.039931
9 0.37572300000000003 0.195747 0.054109 0.039062
9 0.17664899999999994 0.204536 0.065683 0.04145
9 0.7844329999999999 0.23253 0.054398 0.042318
9 0.625289 0.237088 0.059028 0.04145
10 0.917245 0.433377 0.053819 0.059028
10 0.95298 0.707574 0.07147 0.057075
10 0.9707749999999999 0.805013 0.05787 0.062717
11 0.17505800000000005 0.901259 0.066551 0.043837
11 0.679109 0.902235 0.066551 0.044922
8 0.07219299999999995 0.448351 0.050058 0.049913
8 0.07653399999999999 0.817925 0.052373 0.051649
13 0.43142400000000003 0.305447 0.031829 0.048394
13 0.12514499999999995 0.31543 0.047164 0.073568
13 0.7531829999999999 0.375109 0.038773 0.077474
13 0.58912 0.531359 0.039931 0.080512
13 0.242911 0.555447 0.0489 0.074436
13 0.698061 0.582357 0.039641 0.090495
13 0.359664 0.596137 0.040509 0.079861
12 0.49551500000000004 0.275391 0.082465 0.029948
15 0.22772000000000003 0.311849 0.040509 0.039062
15 0.842448 0.39681 0.041377 0.041016
15 0.132378 0.477756 0.046007 0.04579
15 0.44589100000000004 0.536024 0.041667 0.042969
15 0.589844 0.623264 0.039641 0.042101
15 0.25376200000000004 0.638672 0.033565 0.034722
15 0.701534 0.681858 0.037905 0.038628
15 0.359664 0.762695 0.037616 0.037109
14 0.22410300000000005 0.833442 0.060475 0.035807
14 0.735098 0.843641 0.05816 0.031901
17 0.5714699999999999 0.354058 0.040509 0.044488
17 0.23249399999999998 0.369466 0.036169 0.038411
17 0.33752899999999997 0.409722 0.037326 0.035156
17 0.8469329999999999 0.467122 0.041667 0.045356
17 0.137876 0.550998 0.047743 0.046441
17 0.451678 0.59451 0.045718 0.044488
17 0.592448 0.687391 0.037905 0.038845
17 0.25723399999999996 0.688585 0.035301 0.036458
17 0.36111099999999996 0.694336 0.034144 0.040148
17 0.701823 0.743164 0.043113 0.038845
16 0.308304 0.83724 0.063947 0.028212
16 0.80787 0.848524 0.052662 0.032118
5 0.4375 0.375217 0.039352 0.06901
5 0.579572 0.428277 0.043403 0.07487
5 0.238715 0.449436 0.040509 0.065972
5 0.760995 0.468207 0.048032 0.068359
5 0.6953119999999999 0.474935 0.041088 0.070095
5 0.349248 0.489475 0.038773 0.070964
5 0.8573500000000001 0.553277 0.046875 0.080078
