3 0.644857 0.456163 0.050998 0.076678
3 0.642578 0.34027799999999997 0.046441 0.070023
3 0.49229599999999996 0.595486 0.042752 0.075231
3 0.34136299999999997 0.604745 0.044705 0.071181
3 0.13216099999999997 0.420428 0.048611 0.081019
3 0.129123 0.5256080000000001 0.044271 0.075521
3 0.12586799999999998 0.6303529999999999 0.042969 0.073785
6 0.849935 0.226128 0.037109 0.046586
6 0.624023 0.7657700000000001 0.040148 0.049479
6 0.531141 0.77445 0.038845 0.047743
7 0.13954 0.31915499999999997 0.041667 0.054398
11 0.15549000000000002 0.8726849999999999 0.053168 0.056713
8 0.07400200000000001 0.249421 0.040799 0.061921
9 0.888997 0.15740699999999996 0.046224 0.038194
9 0.18391900000000005 0.142795 0.048828 0.044271
12 0.728082 0.21571200000000001 0.090278 0.052373
13 0.796875 0.35894099999999995 0.041233 0.109664
13 0.357422 0.34997100000000003 0.050347 0.1114
14 0.30143200000000003 0.20688700000000004 0.049913 0.045718
15 0.6452910000000001 0.5779799999999999 0.034939 0.06684
15 0.492622 0.705295 0.029948 0.063368
15 0.344835 0.47960100000000006 0.036892 0.061632
15 0.11979200000000001 0.735966 0.037326 0.062211
16 0.42447900000000005 0.21223999999999998 0.052517 0.040799
16 0.25032600000000005 0.79239 0.054905 0.048322
17 0.493598 0.476418 0.031901 0.066262
4 0.5702039999999999 0.21238400000000002 0.090061 0.052083
5 0.910373 0.351128 0.034288 0.102141
5 0.90549 0.478009 0.035373 0.102431
5 0.897352 0.606047 0.034722 0.087095
5 0.792643 0.5412330000000001 0.04579 0.095775
5 0.498155 0.37210600000000005 0.04796 0.096065
