3 0.8926499999999999 0.585612 0.033565 0.047092
3 0.789352 0.48329 0.034722 0.050347
3 0.11863400000000002 0.40983099999999995 0.040509 0.049696
2 0.20355900000000005 0.349718 0.079572 0.035807
2 0.20023100000000005 0.23133700000000001 0.072338 0.039931
7 0.37717 0.766168 0.039062 0.027995
7 0.772135 0.5702039999999999 0.039062 0.031901
6 0.29701999999999995 0.224935 0.038484 0.021918
11 0.27662 0.8714189999999999 0.032407 0.038411
11 0.510127 0.860243 0.055556 0.036024
11 0.745804 0.846897 0.066262 0.031033
11 0.872396 0.825629 0.043403 0.030165
10 0.958044 0.735352 0.038773 0.036675
8 0.062211000000000016 0.28580700000000003 0.041088 0.026476
13 0.294705 0.6526689999999999 0.043113 0.056641
13 0.56684 0.5882160000000001 0.042245 0.101345
13 0.911458 0.339735 0.048032 0.081814
12 0.49059600000000003 0.32031200000000004 0.085938 0.03776
15 0.11747700000000005 0.511393 0.034144 0.041016
15 0.900608 0.47602 0.039641 0.053602
15 0.797454 0.344618 0.032986 0.047743
14 0.698206 0.22558599999999995 0.079282 0.024089
17 0.887442 0.6816409999999999 0.03588 0.046007
17 0.120081 0.588867 0.030093 0.035373
16 0.489873 0.22558599999999995 0.061921 0.028429
5 0.37890599999999997 0.600043 0.051794 0.088108
5 0.299913 0.486328 0.04022 0.077691
5 0.5758099999999999 0.39941400000000005 0.03588 0.087457
4 0.490162 0.492405 0.082755 0.025174
