2 0.585612 0.10735 0.047092 0.033565
2 0.48329 0.210648 0.050347 0.034722
2 0.40983099999999995 0.881366 0.049696 0.040509
1 0.349718 0.796441 0.035807 0.079572
1 0.23133700000000001 0.799769 0.039931 0.072338
6 0.766168 0.62283 0.027995 0.039062
6 0.5702039999999999 0.227865 0.031901 0.039062
7 0.224935 0.70298 0.021918 0.038484
10 0.8714189999999999 0.72338 0.038411 0.032407
10 0.860243 0.489873 0.036024 0.055556
10 0.846897 0.254196 0.031033 0.066262
10 0.825629 0.127604 0.030165 0.043403
9 0.735352 0.041956 0.036675 0.038773
11 0.28580700000000003 0.937789 0.026476 0.041088
12 0.6526689999999999 0.705295 0.056641 0.043113
12 0.5882160000000001 0.43316 0.101345 0.042245
12 0.339735 0.088542 0.081814 0.048032
13 0.32031200000000004 0.509404 0.03776 0.085938
14 0.511393 0.882523 0.041016 0.034144
14 0.47602 0.099392 0.053602 0.039641
14 0.344618 0.202546 0.047743 0.032986
15 0.22558599999999995 0.301794 0.024089 0.079282
16 0.6816409999999999 0.112558 0.046007 0.03588
16 0.588867 0.879919 0.035373 0.030093
17 0.22558599999999995 0.510127 0.028429 0.061921
4 0.600043 0.621094 0.088108 0.051794
4 0.486328 0.700087 0.077691 0.04022
4 0.39941400000000005 0.42419 0.087457 0.03588
5 0.492405 0.509838 0.025174 0.082755
