3 0.959852 0.599971 0.022569 0.048322
3 0.958442 0.528212 0.019748 0.057581
3 0.957465 0.6753469999999999 0.023438 0.053241
3 0.886502 0.588252 0.020399 0.042824
3 0.884115 0.538484 0.021701 0.043981
3 0.8819440000000001 0.483507 0.021701 0.052083
3 0.662326 0.727865 0.021267 0.05816
3 0.655599 0.47222200000000003 0.020833 0.050347
3 0.6527780000000001 0.39568899999999996 0.022569 0.051215
3 0.607856 0.605035 0.019531 0.049769
3 0.599935 0.31857599999999997 0.024523 0.042824
3 0.5347219999999999 0.35344299999999995 0.019965 0.050637
3 0.53342 0.271123 0.020399 0.048032
3 0.532118 0.200955 0.021267 0.050637
3 0.41905400000000004 0.5538190000000001 0.019097 0.052662
3 0.416667 0.476707 0.020833 0.051794
3 0.36729599999999996 0.45269099999999995 0.02105 0.054109
3 0.36273900000000003 0.375289 0.022352 0.059028
3 0.31195700000000004 0.44994199999999995 0.020616 0.053819
3 0.30891900000000005 0.36892400000000003 0.02322 0.055556
3 0.271593 0.5791379999999999 0.023655 0.040799
3 0.20030400000000004 0.35243100000000005 0.021701 0.050926
3 0.19954400000000005 0.28501200000000004 0.022786 0.050347
3 0.199002 0.208044 0.023438 0.047454
3 0.15353700000000003 0.433304 0.023655 0.041956
3 0.14919700000000002 0.36877899999999997 0.026693 0.044271
3 0.09885 0.20413800000000004 0.021918 0.047164
3 0.05327700000000002 0.579861 0.018446 0.052083
3 0.02376299999999998 0.19690399999999997 0.02322 0.057581
6 0.801866 0.13831000000000004 0.019965 0.04456
6 0.765082 0.13614000000000004 0.024089 0.037905
7 0.8212889999999999 0.25390599999999997 0.02322 0.035012
7 0.737413 0.565828 0.019965 0.037905
7 0.652018 0.22236699999999998 0.019314 0.039062
7 0.6504989999999999 0.317419 0.029297 0.027199
7 0.599175 0.23972800000000005 0.029514 0.026331
7 0.542535 0.656829 0.021701 0.035301
7 0.5401480000000001 0.585359 0.025608 0.030093
7 0.30360200000000004 0.294126 0.028646 0.024016
7 0.30251700000000004 0.24464699999999995 0.022135 0.033854
7 0.299805 0.18214699999999995 0.022786 0.033275
7 0.25694399999999995 0.21658 0.021267 0.032118
7 0.14290400000000003 0.18663200000000002 0.029731 0.027199
7 0.10861500000000002 0.38469299999999995 0.027561 0.032697
7 0.034287999999999985 0.33188700000000004 0.024306 0.024884
10 0.98622 0.14380800000000005 0.02322 0.045139
10 0.984484 0.764757 0.022352 0.047454
10 0.455187 0.6048899999999999 0.030599 0.05353
10 0.44086400000000003 0.14510999999999996 0.026693 0.04485
11 0.9410810000000001 0.84375 0.035807 0.034722
11 0.761068 0.831453 0.037326 0.033275
11 0.643338 0.81713 0.020616 0.037037
11 0.5691189999999999 0.835359 0.019314 0.046296
11 0.40581599999999995 0.7087669999999999 0.029948 0.047743
11 0.33572 0.699508 0.03342 0.040799
11 0.24967399999999995 0.697049 0.028429 0.037616
11 0.19108099999999995 0.708044 0.037543 0.033565
11 0.14203600000000005 0.6999420000000001 0.036241 0.032407
11 0.08930099999999996 0.700955 0.039714 0.033854
8 0.502496 0.761574 0.021484 0.04919
8 0.4949 0.15089699999999995 0.031467 0.045428
8 0.030490000000000017 0.616898 0.026693 0.047454
9 0.717773 0.09129100000000001 0.038411 0.03559
9 0.391602 0.06944399999999995 0.034939 0.042245
0 0.916667 0.777922 0.03559 0.030961
0 0.839735 0.776765 0.042752 0.036169
0 0.680013 0.13397000000000003 0.036675 0.033565
0 0.626085 0.12963000000000002 0.038194 0.040509
0 0.571615 0.13035300000000005 0.036458 0.033275
0 0.22569399999999995 0.12080400000000002 0.041667 0.035012
0 0.166667 0.11863400000000002 0.040799 0.040509
0 0.11794700000000002 0.11559600000000003 0.03928 0.034433
0 0.06846799999999997 0.11284700000000003 0.038845 0.034144
13 0.955946 0.261429 0.018663 0.099248
13 0.877713 0.24783 0.020182 0.087095
13 0.819987 0.45269099999999995 0.017144 0.087674
13 0.7378469999999999 0.37239599999999995 0.021701 0.068287
13 0.613281 0.709491 0.020833 0.081019
13 0.40896299999999997 0.224537 0.021918 0.089699
13 0.36707900000000004 0.5448500000000001 0.021484 0.081597
13 0.312717 0.521412 0.020399 0.07581
13 0.264323 0.43533 0.028646 0.081308
13 0.20377599999999996 0.43301500000000004 0.020399 0.070312
13 0.158312 0.5078119999999999 0.019314 0.070602
13 0.04622400000000004 0.495081 0.019965 0.081019
14 0.916775 0.14293999999999996 0.033637 0.02662
14 0.330295 0.12355300000000002 0.03342 0.030671
14 0.03385400000000005 0.116753 0.032552 0.032118
15 0.954753 0.738571 0.019748 0.043692
15 0.824761 0.6251450000000001 0.019314 0.036169
15 0.735894 0.637587 0.019965 0.044271
15 0.6574439999999999 0.574797 0.019314 0.043692
15 0.536675 0.5209779999999999 0.018229 0.042535
15 0.414822 0.39322900000000005 0.019314 0.043981
15 0.35818099999999997 0.294126 0.021484 0.042535
15 0.26085100000000006 0.354167 0.018663 0.041667
15 0.16286900000000004 0.620081 0.023655 0.034144
15 0.14637599999999995 0.29890000000000005 0.02105 0.042245
15 0.03038200000000002 0.27430600000000005 0.021267 0.031829
16 0.852214 0.13859999999999995 0.02474 0.028356
16 0.275933 0.12152799999999997 0.024523 0.03588
17 0.884006 0.68316 0.021484 0.045718
17 0.822808 0.5614870000000001 0.017144 0.043692
17 0.7366539999999999 0.724826 0.019748 0.042245
17 0.659071 0.633247 0.018229 0.042535
17 0.6049260000000001 0.527633 0.019748 0.039062
17 0.6027560000000001 0.46006899999999995 0.019314 0.039352
17 0.60102 0.38194399999999995 0.019314 0.042824
17 0.537326 0.43301500000000004 0.018663 0.047743
17 0.41395400000000004 0.322627 0.019748 0.04456
17 0.35492599999999996 0.20196800000000004 0.020616 0.049769
17 0.26117599999999996 0.283709 0.02105 0.041377
17 0.21267400000000003 0.614005 0.019097 0.043981
17 0.16015599999999997 0.570168 0.020399 0.036748
17 0.14518200000000003 0.24566 0.022569 0.041088
17 0.11903200000000003 0.608796 0.022352 0.028935
17 0.10503499999999999 0.32855900000000005 0.019097 0.039641
17 0.10297299999999998 0.266927 0.020182 0.041377
5 0.957574 0.404948 0.018446 0.056424
5 0.880208 0.38035300000000005 0.021267 0.05816
5 0.8212889999999999 0.35272000000000003 0.019314 0.054977
5 0.738173 0.46658 0.021484 0.056424
5 0.736003 0.25318300000000005 0.028429 0.106481
5 0.544922 0.722946 0.019097 0.059896
5 0.31814200000000004 0.6092299999999999 0.017795 0.0489
5 0.27029099999999995 0.528212 0.021918 0.062789
5 0.20800799999999997 0.541088 0.020616 0.069444
5 0.11469200000000002 0.540943 0.024523 0.05816
5 0.11187100000000005 0.457176 0.02105 0.067708
5 0.039497000000000004 0.406829 0.019531 0.071759
