1 0.935764 0.635851 0.018663 0.050637
1 0.59299 0.582899 0.021484 0.052951
1 0.533746 0.490162 0.01888 0.04919
6 0.849935 0.804832 0.021918 0.024595
6 0.290907 0.840133 0.025825 0.032118
7 0.796224 0.310041 0.025608 0.026331
7 0.59809 0.502315 0.022569 0.027199
7 0.34743900000000005 0.255642 0.022569 0.031539
7 0.09201400000000004 0.440972 0.023003 0.034144
7 0.08691400000000005 0.519387 0.024957 0.034722
10 0.963433 0.745949 0.022786 0.03125
10 0.37944900000000004 0.226273 0.020182 0.045139
10 0.375109 0.805411 0.021484 0.03559
9 0.8473310000000001 0.210214 0.018446 0.038484
9 0.72385 0.222946 0.028429 0.037905
9 0.601345 0.238137 0.036892 0.035301
9 0.5336369999999999 0.261285 0.026476 0.024306
8 0.48817299999999997 0.350116 0.027995 0.032407
8 0.033420000000000005 0.830295 0.02474 0.04485
11 0.32204900000000003 0.891059 0.03559 0.030382
0 0.898438 0.797598 0.038194 0.032118
0 0.89388 0.692564 0.038194 0.03559
0 0.290907 0.429977 0.035807 0.039931
0 0.24631099999999995 0.844907 0.03776 0.033565
0 0.23665400000000003 0.426215 0.037543 0.037037
0 0.19759099999999996 0.850116 0.037977 0.032986
0 0.17035599999999995 0.552807 0.038194 0.026331
0 0.16612400000000005 0.67636 0.038411 0.03559
0 0.14822000000000002 0.853009 0.036024 0.029514
12 0.751194 0.725116 0.044488 0.036458
12 0.28472200000000003 0.663194 0.051649 0.042824
12 0.28352900000000003 0.300492 0.052734 0.033854
13 0.841037 0.416233 0.019748 0.054688
13 0.703559 0.48206 0.020833 0.096065
13 0.5360240000000001 0.720052 0.021267 0.081887
13 0.35102 0.360677 0.022786 0.076678
14 0.651367 0.815828 0.041884 0.022859
14 0.222873 0.673032 0.028646 0.027199
14 0.18066400000000005 0.426649 0.034939 0.02691
14 0.11968299999999998 0.549913 0.026259 0.025174
14 0.09917500000000001 0.856771 0.035156 0.027199
15 0.933702 0.54456 0.02105 0.039352
15 0.5949439999999999 0.71195 0.019314 0.050058
15 0.5346139999999999 0.591725 0.020182 0.045139
15 0.34765599999999997 0.710069 0.019097 0.045139
16 0.753689 0.809606 0.02474 0.026042
16 0.22645400000000004 0.552373 0.026693 0.02662
17 0.931858 0.47555 0.018229 0.032118
17 0.53201 0.398872 0.01888 0.042535
17 0.34733099999999995 0.609664 0.019314 0.045718
17 0.07421900000000003 0.753183 0.020833 0.049769
4 0.746853 0.568721 0.040582 0.027488
4 0.288411 0.207031 0.052517 0.029225
4 0.273655 0.548756 0.047743 0.037905
4 0.23046900000000003 0.209201 0.048177 0.031829
4 0.19921900000000003 0.302373 0.050781 0.038773
4 0.17057299999999997 0.214265 0.037326 0.028646
5 0.841363 0.571181 0.019531 0.072917
5 0.799371 0.466725 0.023655 0.076968
5 0.705838 0.656973 0.01888 0.085359
5 0.347765 0.490596 0.024089 0.069734
