0 0.635851 0.06423599999999996 0.050637 0.018663
0 0.582899 0.40701 0.052951 0.021484
0 0.490162 0.46625399999999995 0.04919 0.01888
7 0.804832 0.150065 0.024595 0.021918
7 0.840133 0.709093 0.032118 0.025825
6 0.310041 0.20377599999999996 0.026331 0.025608
6 0.502315 0.40191 0.027199 0.022569
6 0.2556419999999999 0.652561 0.031539 0.022569
6 0.4409719999999999 0.907986 0.034144 0.023003
6 0.519387 0.913086 0.034722 0.024957
9 0.745949 0.036567000000000016 0.03125 0.022786
9 0.22627299999999995 0.620551 0.045139 0.020182
9 0.805411 0.624891 0.03559 0.021484
8 0.210214 0.15266899999999994 0.038484 0.018446
8 0.22294599999999998 0.27615 0.037905 0.028429
8 0.23813700000000004 0.398655 0.035301 0.036892
8 0.261285 0.4663630000000001 0.024306 0.026476
11 0.350116 0.511827 0.032407 0.027995
11 0.830295 0.96658 0.04485 0.02474
10 0.891059 0.677951 0.030382 0.03559
3 0.797598 0.10156200000000004 0.032118 0.038194
3 0.692564 0.10611999999999999 0.03559 0.038194
3 0.42997700000000005 0.709093 0.039931 0.035807
3 0.844907 0.753689 0.033565 0.03776
3 0.426215 0.763346 0.037037 0.037543
3 0.850116 0.802409 0.032986 0.037977
3 0.552807 0.829644 0.026331 0.038194
3 0.67636 0.833876 0.03559 0.038411
3 0.853009 0.85178 0.029514 0.036024
13 0.725116 0.24880599999999997 0.036458 0.044488
13 0.663194 0.715278 0.042824 0.051649
13 0.300492 0.716471 0.033854 0.052734
12 0.4162330000000001 0.15896299999999997 0.054688 0.019748
12 0.48205999999999993 0.29644099999999995 0.096065 0.020833
12 0.720052 0.46397599999999994 0.081887 0.021267
12 0.360677 0.64898 0.076678 0.022786
15 0.815828 0.34863299999999997 0.022859 0.041884
15 0.673032 0.777127 0.027199 0.028646
15 0.42664900000000006 0.819336 0.02691 0.034939
15 0.549913 0.880317 0.025174 0.026259
15 0.856771 0.900825 0.027199 0.035156
14 0.54456 0.06629799999999997 0.039352 0.02105
14 0.71195 0.4050560000000001 0.050058 0.019314
14 0.591725 0.4653860000000001 0.045139 0.020182
14 0.710069 0.652344 0.045139 0.019097
17 0.809606 0.24631099999999995 0.026042 0.02474
17 0.552373 0.773546 0.02662 0.026693
16 0.4755499999999999 0.06814200000000004 0.032118 0.018229
16 0.398872 0.46799 0.042535 0.01888
16 0.609664 0.652669 0.045718 0.019314
16 0.753183 0.925781 0.049769 0.020833
5 0.568721 0.253147 0.027488 0.040582
5 0.20703099999999997 0.711589 0.029225 0.052517
5 0.548756 0.726345 0.037905 0.047743
5 0.20920099999999997 0.769531 0.031829 0.048177
5 0.302373 0.800781 0.038773 0.050781
5 0.21426500000000004 0.829427 0.028646 0.037326
4 0.571181 0.15863700000000003 0.072917 0.019531
4 0.46672500000000006 0.20062899999999995 0.076968 0.023655
4 0.656973 0.29416200000000003 0.085359 0.01888
4 0.49059600000000003 0.652235 0.069734 0.024089
