0 0.40002899999999997 0.959852 0.048322 0.022569
0 0.471788 0.958442 0.057581 0.019748
0 0.3246530000000001 0.957465 0.053241 0.023438
0 0.411748 0.886502 0.042824 0.020399
0 0.46151600000000004 0.884115 0.043981 0.021701
0 0.516493 0.8819440000000001 0.052083 0.021701
0 0.272135 0.662326 0.05816 0.021267
0 0.527778 0.655599 0.050347 0.020833
0 0.604311 0.6527780000000001 0.051215 0.022569
0 0.394965 0.607856 0.049769 0.019531
0 0.681424 0.599935 0.042824 0.024523
0 0.646557 0.5347219999999999 0.050637 0.019965
0 0.728877 0.53342 0.048032 0.020399
0 0.799045 0.532118 0.050637 0.021267
0 0.44618099999999994 0.41905400000000004 0.052662 0.019097
0 0.523293 0.416667 0.051794 0.020833
0 0.547309 0.36729599999999996 0.054109 0.02105
0 0.624711 0.36273900000000003 0.059028 0.022352
0 0.550058 0.31195700000000004 0.053819 0.020616
0 0.631076 0.30891900000000005 0.055556 0.02322
0 0.42086200000000007 0.271593 0.040799 0.023655
0 0.647569 0.20030400000000004 0.050926 0.021701
0 0.714988 0.19954400000000005 0.050347 0.022786
0 0.791956 0.199002 0.047454 0.023438
0 0.566696 0.15353700000000003 0.041956 0.023655
0 0.631221 0.14919700000000002 0.044271 0.026693
0 0.795862 0.09885 0.047164 0.021918
0 0.42013900000000004 0.05327700000000002 0.052083 0.018446
0 0.803096 0.02376299999999998 0.057581 0.02322
7 0.86169 0.801866 0.04456 0.019965
7 0.86386 0.765082 0.037905 0.024089
6 0.746094 0.8212889999999999 0.035012 0.02322
6 0.434172 0.737413 0.037905 0.019965
6 0.777633 0.652018 0.039062 0.019314
6 0.682581 0.6504989999999999 0.027199 0.029297
6 0.760272 0.599175 0.026331 0.029514
6 0.343171 0.542535 0.035301 0.021701
6 0.41464100000000004 0.5401480000000001 0.030093 0.025608
6 0.705874 0.30360200000000004 0.024016 0.028646
6 0.755353 0.30251700000000004 0.033854 0.022135
6 0.817853 0.299805 0.033275 0.022786
6 0.78342 0.25694399999999995 0.032118 0.021267
6 0.813368 0.14290400000000003 0.027199 0.029731
6 0.615307 0.10861500000000002 0.032697 0.027561
6 0.668113 0.034287999999999985 0.024884 0.024306
11 0.856192 0.98622 0.045139 0.02322
11 0.23524299999999998 0.984484 0.047454 0.022352
11 0.3951100000000001 0.455187 0.05353 0.030599
11 0.85489 0.44086400000000003 0.04485 0.026693
8 0.15625 0.9410810000000001 0.034722 0.035807
8 0.168547 0.761068 0.033275 0.037326
8 0.18286999999999998 0.643338 0.037037 0.020616
8 0.16464100000000004 0.5691189999999999 0.046296 0.019314
8 0.2912330000000001 0.40581599999999995 0.047743 0.029948
8 0.300492 0.33572 0.040799 0.03342
8 0.30295099999999997 0.24967399999999995 0.037616 0.028429
8 0.291956 0.19108099999999995 0.033565 0.037543
8 0.30005799999999994 0.14203600000000005 0.032407 0.036241
8 0.299045 0.08930099999999996 0.033854 0.039714
9 0.23842600000000003 0.502496 0.04919 0.021484
9 0.849103 0.4949 0.045428 0.031467
9 0.38310200000000005 0.030490000000000017 0.047454 0.026693
10 0.908709 0.717773 0.03559 0.038411
10 0.930556 0.391602 0.042245 0.034939
1 0.222078 0.916667 0.030961 0.03559
1 0.22323499999999996 0.839735 0.036169 0.042752
1 0.86603 0.680013 0.033565 0.036675
1 0.87037 0.626085 0.040509 0.038194
1 0.869647 0.571615 0.033275 0.036458
1 0.879196 0.22569399999999995 0.035012 0.041667
1 0.881366 0.166667 0.040509 0.040799
1 0.884404 0.11794700000000002 0.034433 0.03928
1 0.887153 0.06846799999999997 0.034144 0.038845
12 0.738571 0.955946 0.099248 0.018663
12 0.75217 0.877713 0.087095 0.020182
12 0.547309 0.819987 0.087674 0.017144
12 0.627604 0.7378469999999999 0.068287 0.021701
12 0.290509 0.613281 0.081019 0.020833
12 0.775463 0.40896299999999997 0.089699 0.021918
12 0.45514999999999994 0.36707900000000004 0.081597 0.021484
12 0.478588 0.312717 0.07581 0.020399
12 0.56467 0.264323 0.081308 0.028646
12 0.566985 0.20377599999999996 0.070312 0.020399
12 0.49218800000000007 0.158312 0.070602 0.019314
12 0.504919 0.04622400000000004 0.081019 0.019965
15 0.85706 0.916775 0.02662 0.033637
15 0.876447 0.330295 0.030671 0.03342
15 0.883247 0.03385400000000005 0.032118 0.032552
14 0.261429 0.954753 0.043692 0.019748
14 0.37485499999999994 0.824761 0.036169 0.019314
14 0.362413 0.735894 0.044271 0.019965
14 0.425203 0.6574439999999999 0.043692 0.019314
14 0.47902200000000006 0.536675 0.042535 0.018229
14 0.606771 0.414822 0.043981 0.019314
14 0.705874 0.35818099999999997 0.042535 0.021484
14 0.645833 0.26085100000000006 0.041667 0.018663
14 0.379919 0.16286900000000004 0.034144 0.023655
14 0.7011 0.14637599999999995 0.042245 0.02105
14 0.725694 0.03038200000000002 0.031829 0.021267
17 0.8614 0.852214 0.028356 0.02474
17 0.878472 0.275933 0.03588 0.024523
16 0.31684 0.884006 0.045718 0.021484
16 0.43851299999999993 0.822808 0.043692 0.017144
16 0.27517400000000003 0.7366539999999999 0.042245 0.019748
16 0.366753 0.659071 0.042535 0.018229
16 0.472367 0.6049260000000001 0.039062 0.019748
16 0.539931 0.6027560000000001 0.039352 0.019314
16 0.618056 0.60102 0.042824 0.019314
16 0.566985 0.537326 0.047743 0.018663
16 0.677373 0.41395400000000004 0.04456 0.019748
16 0.798032 0.35492599999999996 0.049769 0.020616
16 0.716291 0.26117599999999996 0.041377 0.02105
16 0.385995 0.21267400000000003 0.043981 0.019097
16 0.429832 0.16015599999999997 0.036748 0.020399
16 0.75434 0.14518200000000003 0.041088 0.022569
16 0.391204 0.11903200000000003 0.028935 0.022352
16 0.671441 0.10503499999999999 0.039641 0.019097
16 0.733073 0.10297299999999998 0.041377 0.020182
4 0.595052 0.957574 0.056424 0.018446
4 0.619647 0.880208 0.05816 0.021267
4 0.64728 0.8212889999999999 0.054977 0.019314
4 0.53342 0.738173 0.056424 0.021484
4 0.746817 0.736003 0.106481 0.028429
4 0.277054 0.544922 0.059896 0.019097
4 0.39077000000000006 0.31814200000000004 0.0489 0.017795
4 0.471788 0.27029099999999995 0.062789 0.021918
4 0.458912 0.20800799999999997 0.069444 0.020616
4 0.45905700000000005 0.11469200000000002 0.05816 0.024523
4 0.542824 0.11187100000000005 0.067708 0.02105
4 0.593171 0.039497000000000004 0.071759 0.019531
