2 0.599971 0.959852 0.048322 0.022569
2 0.528212 0.958442 0.057581 0.019748
2 0.6753469999999999 0.957465 0.053241 0.023438
2 0.588252 0.886502 0.042824 0.020399
2 0.538484 0.884115 0.043981 0.021701
2 0.483507 0.8819440000000001 0.052083 0.021701
2 0.727865 0.662326 0.05816 0.021267
2 0.47222200000000003 0.655599 0.050347 0.020833
2 0.39568899999999996 0.6527780000000001 0.051215 0.022569
2 0.605035 0.607856 0.049769 0.019531
2 0.31857599999999997 0.599935 0.042824 0.024523
2 0.35344299999999995 0.5347219999999999 0.050637 0.019965
2 0.271123 0.53342 0.048032 0.020399
2 0.200955 0.532118 0.050637 0.021267
2 0.5538190000000001 0.41905400000000004 0.052662 0.019097
2 0.476707 0.416667 0.051794 0.020833
2 0.45269099999999995 0.36729599999999996 0.054109 0.02105
2 0.375289 0.36273900000000003 0.059028 0.022352
2 0.44994199999999995 0.31195700000000004 0.053819 0.020616
2 0.36892400000000003 0.30891900000000005 0.055556 0.02322
2 0.5791379999999999 0.271593 0.040799 0.023655
2 0.35243100000000005 0.20030400000000004 0.050926 0.021701
2 0.28501200000000004 0.19954400000000005 0.050347 0.022786
2 0.208044 0.199002 0.047454 0.023438
2 0.433304 0.15353700000000003 0.041956 0.023655
2 0.36877899999999997 0.14919700000000002 0.044271 0.026693
2 0.20413800000000004 0.09885 0.047164 0.021918
2 0.579861 0.05327700000000002 0.052083 0.018446
2 0.19690399999999997 0.02376299999999998 0.057581 0.02322
7 0.13831000000000004 0.801866 0.04456 0.019965
7 0.13614000000000004 0.765082 0.037905 0.024089
6 0.25390599999999997 0.8212889999999999 0.035012 0.02322
6 0.565828 0.737413 0.037905 0.019965
6 0.22236699999999998 0.652018 0.039062 0.019314
6 0.317419 0.6504989999999999 0.027199 0.029297
6 0.23972800000000005 0.599175 0.026331 0.029514
6 0.656829 0.542535 0.035301 0.021701
6 0.585359 0.5401480000000001 0.030093 0.025608
6 0.294126 0.30360200000000004 0.024016 0.028646
6 0.24464699999999995 0.30251700000000004 0.033854 0.022135
6 0.18214699999999995 0.299805 0.033275 0.022786
6 0.21658 0.25694399999999995 0.032118 0.021267
6 0.18663200000000002 0.14290400000000003 0.027199 0.029731
6 0.38469299999999995 0.10861500000000002 0.032697 0.027561
6 0.33188700000000004 0.034287999999999985 0.024884 0.024306
11 0.14380800000000005 0.98622 0.045139 0.02322
11 0.764757 0.984484 0.047454 0.022352
11 0.6048899999999999 0.455187 0.05353 0.030599
11 0.14510999999999996 0.44086400000000003 0.04485 0.026693
10 0.84375 0.9410810000000001 0.034722 0.035807
10 0.831453 0.761068 0.033275 0.037326
10 0.81713 0.643338 0.037037 0.020616
10 0.835359 0.5691189999999999 0.046296 0.019314
10 0.7087669999999999 0.40581599999999995 0.047743 0.029948
10 0.699508 0.33572 0.040799 0.03342
10 0.697049 0.24967399999999995 0.037616 0.028429
10 0.708044 0.19108099999999995 0.033565 0.037543
10 0.6999420000000001 0.14203600000000005 0.032407 0.036241
10 0.700955 0.08930099999999996 0.033854 0.039714
9 0.761574 0.502496 0.04919 0.021484
9 0.15089699999999995 0.4949 0.045428 0.031467
9 0.616898 0.030490000000000017 0.047454 0.026693
8 0.09129100000000001 0.717773 0.03559 0.038411
8 0.06944399999999995 0.391602 0.042245 0.034939
1 0.777922 0.916667 0.030961 0.03559
1 0.776765 0.839735 0.036169 0.042752
1 0.13397000000000003 0.680013 0.033565 0.036675
1 0.12963000000000002 0.626085 0.040509 0.038194
1 0.13035300000000005 0.571615 0.033275 0.036458
1 0.12080400000000002 0.22569399999999995 0.035012 0.041667
1 0.11863400000000002 0.166667 0.040509 0.040799
1 0.11559600000000003 0.11794700000000002 0.034433 0.03928
1 0.11284700000000003 0.06846799999999997 0.034144 0.038845
12 0.261429 0.955946 0.099248 0.018663
12 0.24783 0.877713 0.087095 0.020182
12 0.45269099999999995 0.819987 0.087674 0.017144
12 0.37239599999999995 0.7378469999999999 0.068287 0.021701
12 0.709491 0.613281 0.081019 0.020833
12 0.224537 0.40896299999999997 0.089699 0.021918
12 0.5448500000000001 0.36707900000000004 0.081597 0.021484
12 0.521412 0.312717 0.07581 0.020399
12 0.43533 0.264323 0.081308 0.028646
12 0.43301500000000004 0.20377599999999996 0.070312 0.020399
12 0.5078119999999999 0.158312 0.070602 0.019314
12 0.495081 0.04622400000000004 0.081019 0.019965
15 0.14293999999999996 0.916775 0.02662 0.033637
15 0.12355300000000002 0.330295 0.030671 0.03342
15 0.116753 0.03385400000000005 0.032118 0.032552
14 0.738571 0.954753 0.043692 0.019748
14 0.6251450000000001 0.824761 0.036169 0.019314
14 0.637587 0.735894 0.044271 0.019965
14 0.574797 0.6574439999999999 0.043692 0.019314
14 0.5209779999999999 0.536675 0.042535 0.018229
14 0.39322900000000005 0.414822 0.043981 0.019314
14 0.294126 0.35818099999999997 0.042535 0.021484
14 0.354167 0.26085100000000006 0.041667 0.018663
14 0.620081 0.16286900000000004 0.034144 0.023655
14 0.29890000000000005 0.14637599999999995 0.042245 0.02105
14 0.27430600000000005 0.03038200000000002 0.031829 0.021267
17 0.13859999999999995 0.852214 0.028356 0.02474
17 0.12152799999999997 0.275933 0.03588 0.024523
16 0.68316 0.884006 0.045718 0.021484
16 0.5614870000000001 0.822808 0.043692 0.017144
16 0.724826 0.7366539999999999 0.042245 0.019748
16 0.633247 0.659071 0.042535 0.018229
16 0.527633 0.6049260000000001 0.039062 0.019748
16 0.46006899999999995 0.6027560000000001 0.039352 0.019314
16 0.38194399999999995 0.60102 0.042824 0.019314
16 0.43301500000000004 0.537326 0.047743 0.018663
16 0.322627 0.41395400000000004 0.04456 0.019748
16 0.20196800000000004 0.35492599999999996 0.049769 0.020616
16 0.283709 0.26117599999999996 0.041377 0.02105
16 0.614005 0.21267400000000003 0.043981 0.019097
16 0.570168 0.16015599999999997 0.036748 0.020399
16 0.24566 0.14518200000000003 0.041088 0.022569
16 0.608796 0.11903200000000003 0.028935 0.022352
16 0.32855900000000005 0.10503499999999999 0.039641 0.019097
16 0.266927 0.10297299999999998 0.041377 0.020182
4 0.404948 0.957574 0.056424 0.018446
4 0.38035300000000005 0.880208 0.05816 0.021267
4 0.35272000000000003 0.8212889999999999 0.054977 0.019314
4 0.46658 0.738173 0.056424 0.021484
4 0.25318300000000005 0.736003 0.106481 0.028429
4 0.722946 0.544922 0.059896 0.019097
4 0.6092299999999999 0.31814200000000004 0.0489 0.017795
4 0.528212 0.27029099999999995 0.062789 0.021918
4 0.541088 0.20800799999999997 0.069444 0.020616
4 0.540943 0.11469200000000002 0.05816 0.024523
4 0.457176 0.11187100000000005 0.067708 0.02105
4 0.406829 0.039497000000000004 0.071759 0.019531
