1 0.44994199999999995 0.328885 0.038194 0.04362
1 0.894821 0.333225 0.039641 0.057943
1 0.14149299999999998 0.360026 0.043981 0.054253
1 0.14568899999999996 0.449761 0.043692 0.057075
1 0.24623799999999996 0.476454 0.048611 0.061849
1 0.358796 0.483615 0.04456 0.055773
1 0.687066 0.501953 0.0489 0.042535
1 0.25260400000000005 0.566732 0.054977 0.060113
1 0.364294 0.572483 0.053241 0.063368
1 0.694734 0.57704 0.050926 0.049479
1 0.587529 0.594944 0.054688 0.053602
1 0.588686 0.673286 0.050637 0.054036
1 0.585503 0.760417 0.052951 0.053385
1 0.785301 0.763563 0.049769 0.051866
1 0.933449 0.775065 0.052083 0.062283
2 0.529514 0.858832 0.085069 0.042752
2 0.644965 0.859484 0.082176 0.03928
2 0.743779 0.863824 0.075521 0.038411
2 0.843461 0.866211 0.074653 0.039714
7 0.77908 0.55599 0.044271 0.03559
7 0.922598 0.618598 0.043692 0.029731
7 0.373119 0.659071 0.042535 0.03559
7 0.374711 0.718316 0.043403 0.042101
7 0.46759300000000004 0.751519 0.043981 0.038628
7 0.6983509999999999 0.782878 0.043113 0.034505
7 0.37890599999999997 0.789497 0.042535 0.036024
9 0.17650500000000002 0.179253 0.069444 0.050347
9 0.615162 0.180664 0.085648 0.037109
9 0.31901 0.189345 0.061053 0.048394
9 0.7186049999999999 0.191623 0.072049 0.043837
9 0.82364 0.192383 0.073206 0.050998
9 0.49768500000000004 0.193359 0.068866 0.042101
10 0.942564 0.291884 0.046007 0.053819
11 0.18301500000000004 0.919596 0.069155 0.048828
8 0.06828699999999999 0.301324 0.060185 0.060113
8 0.08984400000000003 0.830078 0.052373 0.054253
13 0.24811899999999998 0.370334 0.046007 0.088759
13 0.35763900000000004 0.395725 0.04919 0.084852
13 0.680411 0.415582 0.041956 0.078559
13 0.904803 0.427843 0.041667 0.087457
13 0.456163 0.4949 0.057002 0.098307
13 0.582755 0.495117 0.033565 0.076606
13 0.157841 0.73546 0.047743 0.106337
15 0.673756 0.284505 0.04022 0.036892
15 0.149161 0.544705 0.041377 0.042101
15 0.46498799999999996 0.591797 0.041088 0.041667
15 0.6996530000000001 0.656359 0.045139 0.049262
15 0.261285 0.658854 0.045718 0.049479
15 0.925492 0.682834 0.038484 0.039714
14 0.3125 0.855903 0.061343 0.039062
14 0.914497 0.861654 0.058738 0.03928
17 0.5713250000000001 0.289931 0.036748 0.042969
17 0.7636000000000001 0.29796 0.041667 0.039931
17 0.680411 0.341688 0.038484 0.043186
17 0.782986 0.621094 0.038773 0.039062
17 0.14973999999999998 0.627062 0.035012 0.039714
17 0.463542 0.674262 0.038194 0.043837
17 0.783709 0.69401 0.037905 0.043837
17 0.700087 0.719184 0.039062 0.03776
17 0.267072 0.766927 0.042245 0.052083
16 0.42086199999999996 0.858398 0.066262 0.037543
5 0.35431100000000004 0.297201 0.03559 0.058377
5 0.576823 0.376953 0.044271 0.082465
5 0.771267 0.378147 0.050637 0.084852
5 0.448785 0.391276 0.042245 0.068576
5 0.773293 0.473633 0.045428 0.07921
5 0.915075 0.532552 0.041956 0.083333
