1 0.040148 0.400029 0.022569 0.048322
1 0.041558 0.471788 0.019748 0.057581
1 0.042535 0.324653 0.023438 0.053241
1 0.113498 0.411748 0.020399 0.042824
1 0.115885 0.461516 0.021701 0.043981
1 0.118056 0.516493 0.021701 0.052083
1 0.337674 0.272135 0.021267 0.05816
1 0.344401 0.527778 0.020833 0.050347
1 0.347222 0.604311 0.022569 0.051215
1 0.392144 0.394965 0.019531 0.049769
1 0.400065 0.681424 0.024523 0.042824
1 0.465278 0.646557 0.019965 0.050637
1 0.46658 0.728877 0.020399 0.048032
1 0.467882 0.799045 0.021267 0.050637
1 0.580946 0.446181 0.019097 0.052662
1 0.583333 0.523293 0.020833 0.051794
1 0.632704 0.547309 0.02105 0.054109
1 0.637261 0.624711 0.022352 0.059028
1 0.688043 0.550058 0.020616 0.053819
1 0.691081 0.631076 0.02322 0.055556
1 0.728407 0.420862 0.023655 0.040799
1 0.799696 0.647569 0.021701 0.050926
1 0.800456 0.714988 0.022786 0.050347
1 0.800998 0.791956 0.023438 0.047454
1 0.846463 0.566696 0.023655 0.041956
1 0.850803 0.631221 0.026693 0.044271
1 0.90115 0.795862 0.021918 0.047164
1 0.946723 0.420139 0.018446 0.052083
1 0.976237 0.803096 0.02322 0.057581
6 0.198134 0.86169 0.019965 0.04456
6 0.234918 0.86386 0.024089 0.037905
7 0.178711 0.746094 0.02322 0.035012
7 0.262587 0.434172 0.019965 0.037905
7 0.347982 0.777633 0.019314 0.039062
7 0.349501 0.682581 0.029297 0.027199
7 0.400825 0.760272 0.029514 0.026331
7 0.457465 0.343171 0.021701 0.035301
7 0.459852 0.414641 0.025608 0.030093
7 0.696398 0.705874 0.028646 0.024016
7 0.697483 0.755353 0.022135 0.033854
7 0.700195 0.817853 0.022786 0.033275
7 0.743056 0.78342 0.021267 0.032118
7 0.857096 0.813368 0.029731 0.027199
7 0.891385 0.615307 0.027561 0.032697
7 0.965712 0.668113 0.024306 0.024884
8 0.01378 0.856192 0.02322 0.045139
8 0.015516 0.235243 0.022352 0.047454
8 0.544813 0.39511 0.030599 0.05353
8 0.559136 0.85489 0.026693 0.04485
9 0.058919 0.15625 0.035807 0.034722
9 0.238932 0.168547 0.037326 0.033275
9 0.356662 0.18287 0.020616 0.037037
9 0.430881 0.164641 0.019314 0.046296
9 0.594184 0.291233 0.029948 0.047743
9 0.66428 0.300492 0.03342 0.040799
9 0.750326 0.302951 0.028429 0.037616
9 0.808919 0.291956 0.037543 0.033565
9 0.857964 0.300058 0.036241 0.032407
9 0.910699 0.299045 0.039714 0.033854
10 0.497504 0.238426 0.021484 0.04919
10 0.5051 0.849103 0.031467 0.045428
10 0.96951 0.383102 0.026693 0.047454
11 0.282227 0.908709 0.038411 0.03559
11 0.608398 0.930556 0.034939 0.042245
2 0.083333 0.222078 0.03559 0.030961
2 0.160265 0.223235 0.042752 0.036169
2 0.319987 0.86603 0.036675 0.033565
2 0.373915 0.87037 0.038194 0.040509
2 0.428385 0.869647 0.036458 0.033275
2 0.774306 0.879196 0.041667 0.035012
2 0.833333 0.881366 0.040799 0.040509
2 0.882053 0.884404 0.03928 0.034433
2 0.931532 0.887153 0.038845 0.034144
13 0.044054 0.738571 0.018663 0.099248
13 0.122287 0.75217 0.020182 0.087095
13 0.180013 0.547309 0.017144 0.087674
13 0.262153 0.627604 0.021701 0.068287
13 0.386719 0.290509 0.020833 0.081019
13 0.591037 0.775463 0.021918 0.089699
13 0.632921 0.45515 0.021484 0.081597
13 0.687283 0.478588 0.020399 0.07581
13 0.735677 0.56467 0.028646 0.081308
13 0.796224 0.566985 0.020399 0.070312
13 0.841688 0.492188 0.019314 0.070602
13 0.953776 0.504919 0.019965 0.081019
14 0.083225 0.85706 0.033637 0.02662
14 0.669705 0.876447 0.03342 0.030671
14 0.966146 0.883247 0.032552 0.032118
15 0.045247 0.261429 0.019748 0.043692
15 0.175239 0.374855 0.019314 0.036169
15 0.264106 0.362413 0.019965 0.044271
15 0.342556 0.425203 0.019314 0.043692
15 0.463325 0.479022 0.018229 0.042535
15 0.585178 0.606771 0.019314 0.043981
15 0.641819 0.705874 0.021484 0.042535
15 0.739149 0.645833 0.018663 0.041667
15 0.837131 0.379919 0.023655 0.034144
15 0.853624 0.7011 0.02105 0.042245
15 0.969618 0.725694 0.021267 0.031829
16 0.147786 0.8614 0.02474 0.028356
16 0.724067 0.878472 0.024523 0.03588
17 0.115994 0.31684 0.021484 0.045718
17 0.177192 0.438513 0.017144 0.043692
17 0.263346 0.275174 0.019748 0.042245
17 0.340929 0.366753 0.018229 0.042535
17 0.395074 0.472367 0.019748 0.039062
17 0.397244 0.539931 0.019314 0.039352
17 0.39898 0.618056 0.019314 0.042824
17 0.462674 0.566985 0.018663 0.047743
17 0.586046 0.677373 0.019748 0.04456
17 0.645074 0.798032 0.020616 0.049769
17 0.738824 0.716291 0.02105 0.041377
17 0.787326 0.385995 0.019097 0.043981
17 0.839844 0.429832 0.020399 0.036748
17 0.854818 0.75434 0.022569 0.041088
17 0.880968 0.391204 0.022352 0.028935
17 0.894965 0.671441 0.019097 0.039641
17 0.897027 0.733073 0.020182 0.041377
5 0.042426 0.595052 0.018446 0.056424
5 0.119792 0.619647 0.021267 0.05816
5 0.178711 0.64728 0.019314 0.054977
5 0.261827 0.53342 0.021484 0.056424
5 0.263997 0.746817 0.028429 0.106481
5 0.455078 0.277054 0.019097 0.059896
5 0.681858 0.39077 0.017795 0.0489
5 0.729709 0.471788 0.021918 0.062789
5 0.791992 0.458912 0.020616 0.069444
5 0.885308 0.459057 0.024523 0.05816
5 0.888129 0.542824 0.02105 0.067708
5 0.960503 0.593171 0.019531 0.071759
