2 0.599971 0.040148 0.048322 0.022569
2 0.528212 0.041558 0.057581 0.019748
2 0.6753469999999999 0.042535 0.053241 0.023438
2 0.588252 0.113498 0.042824 0.020399
2 0.538484 0.115885 0.043981 0.021701
2 0.483507 0.118056 0.052083 0.021701
2 0.727865 0.337674 0.05816 0.021267
2 0.47222200000000003 0.344401 0.050347 0.020833
2 0.39568899999999996 0.347222 0.051215 0.022569
2 0.605035 0.392144 0.049769 0.019531
2 0.31857599999999997 0.400065 0.042824 0.024523
2 0.35344299999999995 0.465278 0.050637 0.019965
2 0.271123 0.46658 0.048032 0.020399
2 0.200955 0.467882 0.050637 0.021267
2 0.5538190000000001 0.580946 0.052662 0.019097
2 0.476707 0.583333 0.051794 0.020833
2 0.45269099999999995 0.632704 0.054109 0.02105
2 0.375289 0.637261 0.059028 0.022352
2 0.44994199999999995 0.688043 0.053819 0.020616
2 0.36892400000000003 0.691081 0.055556 0.02322
2 0.5791379999999999 0.728407 0.040799 0.023655
2 0.35243100000000005 0.799696 0.050926 0.021701
2 0.28501200000000004 0.800456 0.050347 0.022786
2 0.208044 0.800998 0.047454 0.023438
2 0.433304 0.846463 0.041956 0.023655
2 0.36877899999999997 0.850803 0.044271 0.026693
2 0.20413800000000004 0.90115 0.047164 0.021918
2 0.579861 0.946723 0.052083 0.018446
2 0.19690399999999997 0.976237 0.057581 0.02322
7 0.13831000000000004 0.198134 0.04456 0.019965
7 0.13614000000000004 0.234918 0.037905 0.024089
6 0.25390599999999997 0.178711 0.035012 0.02322
6 0.565828 0.262587 0.037905 0.019965
6 0.22236699999999998 0.347982 0.039062 0.019314
6 0.317419 0.349501 0.027199 0.029297
6 0.23972800000000005 0.400825 0.026331 0.029514
6 0.656829 0.457465 0.035301 0.021701
6 0.585359 0.459852 0.030093 0.025608
6 0.294126 0.696398 0.024016 0.028646
6 0.24464699999999995 0.697483 0.033854 0.022135
6 0.18214699999999995 0.700195 0.033275 0.022786
6 0.21658 0.743056 0.032118 0.021267
6 0.18663200000000002 0.857096 0.027199 0.029731
6 0.38469299999999995 0.891385 0.032697 0.027561
6 0.33188700000000004 0.965712 0.024884 0.024306
9 0.14380800000000005 0.01378 0.045139 0.02322
9 0.764757 0.015516 0.047454 0.022352
9 0.6048899999999999 0.544813 0.05353 0.030599
9 0.14510999999999996 0.559136 0.04485 0.026693
10 0.84375 0.058919 0.034722 0.035807
10 0.831453 0.238932 0.033275 0.037326
10 0.81713 0.356662 0.037037 0.020616
10 0.835359 0.430881 0.046296 0.019314
10 0.7087669999999999 0.594184 0.047743 0.029948
10 0.699508 0.66428 0.040799 0.03342
10 0.697049 0.750326 0.037616 0.028429
10 0.708044 0.808919 0.033565 0.037543
10 0.6999420000000001 0.857964 0.032407 0.036241
10 0.700955 0.910699 0.033854 0.039714
11 0.761574 0.497504 0.04919 0.021484
11 0.15089699999999995 0.5051 0.045428 0.031467
11 0.616898 0.96951 0.047454 0.026693
8 0.09129100000000001 0.282227 0.03559 0.038411
8 0.06944399999999995 0.608398 0.042245 0.034939
3 0.777922 0.083333 0.030961 0.03559
3 0.776765 0.160265 0.036169 0.042752
3 0.13397000000000003 0.319987 0.033565 0.036675
3 0.12963000000000002 0.373915 0.040509 0.038194
3 0.13035300000000005 0.428385 0.033275 0.036458
3 0.12080400000000002 0.774306 0.035012 0.041667
3 0.11863400000000002 0.833333 0.040509 0.040799
3 0.11559600000000003 0.882053 0.034433 0.03928
3 0.11284700000000003 0.931532 0.034144 0.038845
12 0.261429 0.044054 0.099248 0.018663
12 0.24783 0.122287 0.087095 0.020182
12 0.45269099999999995 0.180013 0.087674 0.017144
12 0.37239599999999995 0.262153 0.068287 0.021701
12 0.709491 0.386719 0.081019 0.020833
12 0.224537 0.591037 0.089699 0.021918
12 0.5448500000000001 0.632921 0.081597 0.021484
12 0.521412 0.687283 0.07581 0.020399
12 0.43533 0.735677 0.081308 0.028646
12 0.43301500000000004 0.796224 0.070312 0.020399
12 0.5078119999999999 0.841688 0.070602 0.019314
12 0.495081 0.953776 0.081019 0.019965
15 0.14293999999999996 0.083225 0.02662 0.033637
15 0.12355300000000002 0.669705 0.030671 0.03342
15 0.116753 0.966146 0.032118 0.032552
14 0.738571 0.045247 0.043692 0.019748
14 0.6251450000000001 0.175239 0.036169 0.019314
14 0.637587 0.264106 0.044271 0.019965
14 0.574797 0.342556 0.043692 0.019314
14 0.5209779999999999 0.463325 0.042535 0.018229
14 0.39322900000000005 0.585178 0.043981 0.019314
14 0.294126 0.641819 0.042535 0.021484
14 0.354167 0.739149 0.041667 0.018663
14 0.620081 0.837131 0.034144 0.023655
14 0.29890000000000005 0.853624 0.042245 0.02105
14 0.27430600000000005 0.969618 0.031829 0.021267
17 0.13859999999999995 0.147786 0.028356 0.02474
17 0.12152799999999997 0.724067 0.03588 0.024523
16 0.68316 0.115994 0.045718 0.021484
16 0.5614870000000001 0.177192 0.043692 0.017144
16 0.724826 0.263346 0.042245 0.019748
16 0.633247 0.340929 0.042535 0.018229
16 0.527633 0.395074 0.039062 0.019748
16 0.46006899999999995 0.397244 0.039352 0.019314
16 0.38194399999999995 0.39898 0.042824 0.019314
16 0.43301500000000004 0.462674 0.047743 0.018663
16 0.322627 0.586046 0.04456 0.019748
16 0.20196800000000004 0.645074 0.049769 0.020616
16 0.283709 0.738824 0.041377 0.02105
16 0.614005 0.787326 0.043981 0.019097
16 0.570168 0.839844 0.036748 0.020399
16 0.24566 0.854818 0.041088 0.022569
16 0.608796 0.880968 0.028935 0.022352
16 0.32855900000000005 0.894965 0.039641 0.019097
16 0.266927 0.897027 0.041377 0.020182
4 0.404948 0.042426 0.056424 0.018446
4 0.38035300000000005 0.119792 0.05816 0.021267
4 0.35272000000000003 0.178711 0.054977 0.019314
4 0.46658 0.261827 0.056424 0.021484
4 0.25318300000000005 0.263997 0.106481 0.028429
4 0.722946 0.455078 0.059896 0.019097
4 0.6092299999999999 0.681858 0.0489 0.017795
4 0.528212 0.729709 0.062789 0.021918
4 0.541088 0.791992 0.069444 0.020616
4 0.540943 0.885308 0.05816 0.024523
4 0.457176 0.888129 0.067708 0.02105
4 0.406829 0.960503 0.071759 0.019531
