3 0.169126 0.6795789999999999 0.037326 0.044488
3 0.316696 0.67589 0.046007 0.042752
3 0.669271 0.65549 0.033565 0.04579
3 0.31235499999999994 0.611871 0.052373 0.054905
3 0.871238 0.5996090000000001 0.043403 0.053819
3 0.559462 0.540907 0.043692 0.048394
3 0.23394099999999995 0.43164100000000005 0.051215 0.055122
3 0.859086 0.357422 0.056134 0.06033
3 0.13093200000000005 0.34016900000000005 0.039641 0.054905
3 0.22902200000000006 0.33355 0.036748 0.052083
3 0.550781 0.32758200000000004 0.045428 0.0523
3 0.855613 0.251845 0.049769 0.064453
3 0.735822 0.23990900000000004 0.046875 0.0523
3 0.549624 0.23502599999999996 0.039641 0.050781
0 0.600116 0.16200099999999995 0.064815 0.038411
0 0.510561 0.16124099999999997 0.065683 0.039931
7 0.12514500000000006 0.246853 0.048322 0.03928
7 0.406539 0.24099400000000004 0.042245 0.042752
7 0.22497100000000003 0.23307299999999997 0.0489 0.046875
6 0.433883 0.16731799999999997 0.041956 0.040799
6 0.365885 0.16688400000000003 0.045428 0.039931
11 0.624277 0.804253 0.054109 0.039062
11 0.823351 0.795464 0.065683 0.04145
11 0.21556700000000006 0.76747 0.054398 0.042318
11 0.374711 0.762912 0.059028 0.04145
8 0.08275500000000002 0.566623 0.053819 0.059028
8 0.04701999999999995 0.29242599999999996 0.07147 0.057075
8 0.029225000000000056 0.19498700000000002 0.05787 0.062717
9 0.824942 0.09874099999999997 0.066551 0.043837
9 0.32089100000000004 0.09776499999999999 0.066551 0.044922
10 0.927807 0.5516490000000001 0.050058 0.049913
10 0.923466 0.182075 0.052373 0.051649
13 0.568576 0.694553 0.031829 0.048394
13 0.874855 0.68457 0.047164 0.073568
13 0.24681700000000006 0.624891 0.038773 0.077474
13 0.41088 0.468641 0.039931 0.080512
13 0.757089 0.444553 0.0489 0.074436
13 0.30193899999999996 0.417643 0.039641 0.090495
13 0.640336 0.40386299999999997 0.040509 0.079861
12 0.504485 0.7246090000000001 0.082465 0.029948
15 0.77228 0.688151 0.040509 0.039062
15 0.15755200000000003 0.60319 0.041377 0.041016
15 0.867622 0.5222439999999999 0.046007 0.04579
15 0.554109 0.46397600000000006 0.041667 0.042969
15 0.41015599999999997 0.37673599999999996 0.039641 0.042101
15 0.746238 0.361328 0.033565 0.034722
15 0.298466 0.31814200000000004 0.037905 0.038628
15 0.640336 0.237305 0.037616 0.037109
14 0.775897 0.16655799999999998 0.060475 0.035807
14 0.26490199999999997 0.15635900000000003 0.05816 0.031901
17 0.4285300000000001 0.645942 0.040509 0.044488
17 0.767506 0.6305339999999999 0.036169 0.038411
17 0.662471 0.5902780000000001 0.037326 0.035156
17 0.15306700000000006 0.532878 0.041667 0.045356
17 0.862124 0.449002 0.047743 0.046441
17 0.548322 0.40549 0.045718 0.044488
17 0.407552 0.312609 0.037905 0.038845
17 0.742766 0.311415 0.035301 0.036458
17 0.638889 0.30566400000000005 0.034144 0.040148
17 0.298177 0.25683599999999995 0.043113 0.038845
16 0.691696 0.16276000000000002 0.063947 0.028212
16 0.19213000000000002 0.15147600000000006 0.052662 0.032118
5 0.5625 0.624783 0.039352 0.06901
5 0.420428 0.571723 0.043403 0.07487
5 0.761285 0.550564 0.040509 0.065972
5 0.23900500000000002 0.531793 0.048032 0.068359
5 0.30468800000000007 0.525065 0.041088 0.070095
5 0.650752 0.510525 0.038773 0.070964
5 0.14264999999999994 0.446723 0.046875 0.080078
