3 0.880064 0.760634 0.056424 0.050347
3 0.725405 0.6975910000000001 0.054398 0.060981
3 0.51577 0.684679 0.057581 0.050347
3 0.50897 0.618815 0.053241 0.047092
3 0.506655 0.54286 0.053241 0.060547
3 0.17100700000000002 0.40852900000000003 0.052662 0.064019
3 0.864294 0.38161900000000004 0.050347 0.061849
3 0.16999399999999998 0.331272 0.057002 0.064887
3 0.38527200000000006 0.32877599999999996 0.051215 0.05816
3 0.375868 0.256293 0.052083 0.053385
3 0.2611399999999999 0.19965299999999997 0.057002 0.062066
3 0.67853 0.19238299999999997 0.054398 0.057509
3 0.369213 0.18522099999999997 0.048032 0.054905
0 0.4675929999999999 0.791667 0.0625 0.045573
0 0.24319999999999997 0.788303 0.050637 0.040582
0 0.353588 0.785699 0.052083 0.04362
0 0.30295099999999997 0.10134500000000002 0.084491 0.043837
0 0.740017 0.10058599999999995 0.078414 0.055773
0 0.618779 0.09830700000000003 0.090567 0.047743
11 0.871672 0.8836809999999999 0.07147 0.052517
11 0.7011 0.860026 0.063079 0.045573
8 0.11299199999999998 0.736871 0.061632 0.059679
8 0.05902799999999997 0.10026000000000002 0.074074 0.065104
10 0.948495 0.431315 0.053241 0.059245
10 0.921152 0.13465700000000003 0.057002 0.068793
13 0.870226 0.589952 0.047164 0.083116
13 0.41594299999999995 0.536675 0.047743 0.086372
13 0.18373799999999996 0.49924 0.04919 0.073568
13 0.28342 0.45475299999999996 0.054688 0.093099
13 0.697627 0.41102399999999994 0.060764 0.088976
13 0.480179 0.21289100000000005 0.052951 0.105035
12 0.800637 0.8045789999999999 0.097801 0.044922
15 0.431134 0.720052 0.050926 0.049479
15 0.709346 0.609049 0.057581 0.050998
15 0.27748799999999996 0.35069399999999995 0.050926 0.043403
15 0.861111 0.28385400000000005 0.045718 0.051649
15 0.16088000000000002 0.245877 0.050347 0.047309
14 0.649595 0.79503 0.070023 0.037543
14 0.519097 0.101128 0.066551 0.039931
14 0.210214 0.09624600000000005 0.063368 0.033637
17 0.870804 0.6777340000000001 0.044271 0.044705
17 0.31047500000000006 0.6674260000000001 0.056134 0.049262
17 0.19502299999999995 0.66135 0.046875 0.045356
17 0.41955999999999993 0.644423 0.047454 0.054905
17 0.700231 0.525065 0.055556 0.051432
17 0.49985499999999994 0.456272 0.047164 0.04579
17 0.270544 0.27560799999999996 0.047454 0.045139
17 0.859954 0.19433599999999995 0.045718 0.057943
17 0.15480300000000002 0.17534700000000003 0.04919 0.051649
16 0.574797 0.794162 0.063947 0.040582
16 0.415365 0.102105 0.064525 0.038845
5 0.18706599999999995 0.595378 0.044271 0.061849
5 0.299045 0.5713980000000001 0.057002 0.080729
5 0.865017 0.48882400000000004 0.041956 0.087457
5 0.4027780000000001 0.42437100000000005 0.052083 0.100477
5 0.4943580000000001 0.346897 0.05353 0.092665
5 0.687355 0.29872 0.052373 0.094835
