2 0.760634 0.880064 0.050347 0.056424
2 0.6975910000000001 0.725405 0.060981 0.054398
2 0.684679 0.51577 0.050347 0.057581
2 0.618815 0.50897 0.047092 0.053241
2 0.54286 0.506655 0.060547 0.053241
2 0.40852900000000003 0.171007 0.064019 0.052662
2 0.38161900000000004 0.864294 0.061849 0.050347
2 0.331272 0.169994 0.064887 0.057002
2 0.32877599999999996 0.385272 0.05816 0.051215
2 0.256293 0.375868 0.053385 0.052083
2 0.19965299999999997 0.26114 0.062066 0.057002
2 0.19238299999999997 0.67853 0.057509 0.054398
2 0.18522099999999997 0.369213 0.054905 0.048032
1 0.791667 0.467593 0.045573 0.0625
1 0.788303 0.2432 0.040582 0.050637
1 0.785699 0.353588 0.04362 0.052083
1 0.10134500000000002 0.302951 0.043837 0.084491
1 0.10058599999999995 0.740017 0.055773 0.078414
1 0.09830700000000003 0.618779 0.047743 0.090567
10 0.8836809999999999 0.871672 0.052517 0.07147
10 0.860026 0.7011 0.045573 0.063079
9 0.736871 0.112992 0.059679 0.061632
9 0.10026000000000002 0.059028 0.065104 0.074074
11 0.431315 0.948495 0.059245 0.053241
11 0.13465700000000003 0.921152 0.068793 0.057002
12 0.589952 0.870226 0.083116 0.047164
12 0.536675 0.415943 0.086372 0.047743
12 0.49924 0.183738 0.073568 0.04919
12 0.45475299999999996 0.28342 0.093099 0.054688
12 0.41102399999999994 0.697627 0.088976 0.060764
12 0.21289100000000005 0.480179 0.105035 0.052951
13 0.8045789999999999 0.800637 0.044922 0.097801
14 0.720052 0.431134 0.049479 0.050926
14 0.609049 0.709346 0.050998 0.057581
14 0.35069399999999995 0.277488 0.043403 0.050926
14 0.28385400000000005 0.861111 0.051649 0.045718
14 0.245877 0.16088 0.047309 0.050347
15 0.79503 0.649595 0.037543 0.070023
15 0.101128 0.519097 0.039931 0.066551
15 0.09624600000000005 0.210214 0.033637 0.063368
16 0.6777340000000001 0.870804 0.044705 0.044271
16 0.6674260000000001 0.310475 0.049262 0.056134
16 0.66135 0.195023 0.045356 0.046875
16 0.644423 0.41956 0.054905 0.047454
16 0.525065 0.700231 0.051432 0.055556
16 0.456272 0.499855 0.04579 0.047164
16 0.27560799999999996 0.270544 0.045139 0.047454
16 0.19433599999999995 0.859954 0.057943 0.045718
16 0.17534700000000003 0.154803 0.051649 0.04919
17 0.794162 0.574797 0.040582 0.063947
17 0.102105 0.415365 0.038845 0.064525
4 0.595378 0.187066 0.061849 0.044271
4 0.5713980000000001 0.299045 0.080729 0.057002
4 0.48882400000000004 0.865017 0.087457 0.041956
4 0.42437100000000005 0.402778 0.100477 0.052083
4 0.346897 0.494358 0.092665 0.05353
4 0.29872 0.687355 0.094835 0.052373
