0 0.240234 0.359664 0.050347 0.04456
0 0.301758 0.908709 0.054036 0.041377
0 0.369032 0.258681 0.04796 0.041667
0 0.380208 0.908854 0.052517 0.039352
0 0.388997 0.77474 0.035373 0.033275
0 0.444119 0.767506 0.04145 0.036748
0 0.454753 0.902488 0.055339 0.045139
0 0.499891 0.759693 0.046658 0.041377
0 0.5051 0.339988 0.053168 0.039352
0 0.58355 0.330006 0.046441 0.041377
0 0.625977 0.113137 0.053168 0.041088
0 0.660373 0.232205 0.042969 0.039062
0 0.710069 0.106481 0.045573 0.041088
0 0.780816 0.098958 0.049045 0.045139
1 0.190538 0.695312 0.03776 0.067708
1 0.191732 0.837963 0.035373 0.058449
1 0.855903 0.166667 0.040799 0.067708
1 0.856337 0.369358 0.045139 0.069734
1 0.857747 0.266493 0.042318 0.070602
6 0.310981 0.135851 0.039497 0.04022
6 0.386068 0.130498 0.034288 0.037616
6 0.412001 0.494647 0.037109 0.035012
6 0.665365 0.322772 0.03342 0.04022
6 0.737305 0.637008 0.033637 0.042535
6 0.743273 0.224682 0.037326 0.045428
6 0.76237 0.3193 0.035156 0.038484
7 0.853733 0.592882 0.040365 0.043403
7 0.854709 0.525029 0.036675 0.045428
8 0.122938 0.885127 0.046224 0.050926
8 0.127387 0.186632 0.042101 0.050347
8 0.132595 0.546152 0.038628 0.054688
8 0.147352 0.328848 0.039062 0.050637
9 0.200412 0.065972 0.051432 0.050926
9 0.833767 0.027633 0.055122 0.050058
10 0.902452 0.433883 0.042752 0.058738
11 0.206055 0.956597 0.044054 0.036458
11 0.85319 0.928241 0.043186 0.051505
12 0.259766 0.270978 0.086372 0.047164
12 0.53201 0.645399 0.086155 0.038484
12 0.613281 0.4864 0.05816 0.037037
12 0.732856 0.884404 0.10026 0.041377
12 0.745117 0.741175 0.083984 0.04485
14 0.234266 0.904659 0.042318 0.034433
14 0.334744 0.494502 0.043186 0.037616
14 0.349718 0.661603 0.036675 0.035012
14 0.39898 0.346209 0.04145 0.037905
14 0.451823 0.123843 0.041233 0.033565
15 0.854384 0.802373 0.032118 0.058449
16 0.242947 0.49783 0.035807 0.036169
16 0.290365 0.774595 0.046875 0.038194
16 0.337565 0.350839 0.042752 0.033275
16 0.418945 0.653646 0.040148 0.032986
16 0.447483 0.24783 0.033854 0.036169
16 0.515516 0.240596 0.035807 0.033854
16 0.542101 0.121383 0.046007 0.038484
16 0.597873 0.235098 0.036892 0.033275
17 0.856337 0.685185 0.026476 0.054398
4 0.24349 0.144821 0.06033 0.037905
4 0.512912 0.490885 0.059245 0.042535
4 0.583116 0.896123 0.057292 0.037616
4 0.605035 0.75434 0.063368 0.045718
4 0.635525 0.644387 0.059245 0.038194
4 0.739692 0.477141 0.101345 0.048032
