0 0.328885 0.550058 0.04362 0.038194
0 0.333225 0.105179 0.057943 0.039641
0 0.360026 0.858507 0.054253 0.043981
0 0.449761 0.854311 0.057075 0.043692
0 0.476454 0.753762 0.061849 0.048611
0 0.483615 0.641204 0.055773 0.04456
0 0.501953 0.312934 0.042535 0.0489
0 0.566732 0.747396 0.060113 0.054977
0 0.572483 0.635706 0.063368 0.053241
0 0.57704 0.305266 0.049479 0.050926
0 0.594944 0.412471 0.053602 0.054688
0 0.673286 0.411314 0.054036 0.050637
0 0.760417 0.414497 0.053385 0.052951
0 0.763563 0.214699 0.051866 0.049769
0 0.775065 0.066551 0.062283 0.052083
1 0.858832 0.470486 0.042752 0.085069
1 0.859484 0.355035 0.03928 0.082176
1 0.863824 0.256221 0.038411 0.075521
1 0.866211 0.156539 0.039714 0.074653
6 0.55599 0.22092 0.03559 0.044271
6 0.618598 0.077402 0.029731 0.043692
6 0.659071 0.626881 0.03559 0.042535
6 0.718316 0.625289 0.042101 0.043403
6 0.751519 0.532407 0.038628 0.043981
6 0.782878 0.301649 0.034505 0.043113
6 0.789497 0.621094 0.036024 0.042535
8 0.179253 0.823495 0.050347 0.069444
8 0.180664 0.384838 0.037109 0.085648
8 0.189345 0.68099 0.048394 0.061053
8 0.191623 0.281395 0.043837 0.072049
8 0.192383 0.17636 0.050998 0.073206
8 0.193359 0.502315 0.042101 0.068866
9 0.291884 0.057436 0.053819 0.046007
10 0.919596 0.816985 0.048828 0.069155
11 0.301324 0.931713 0.060113 0.060185
11 0.830078 0.910156 0.054253 0.052373
12 0.370334 0.751881 0.088759 0.046007
12 0.395725 0.642361 0.084852 0.04919
12 0.415582 0.319589 0.078559 0.041956
12 0.427843 0.095197 0.087457 0.041667
12 0.4949 0.543837 0.098307 0.057002
12 0.495117 0.417245 0.076606 0.033565
12 0.73546 0.842159 0.106337 0.047743
14 0.284505 0.326244 0.036892 0.04022
14 0.544705 0.850839 0.042101 0.041377
14 0.591797 0.535012 0.041667 0.041088
14 0.656359 0.300347 0.049262 0.045139
14 0.658854 0.738715 0.049479 0.045718
14 0.682834 0.074508 0.039714 0.038484
15 0.855903 0.6875 0.039062 0.061343
15 0.861654 0.085503 0.03928 0.058738
16 0.289931 0.428675 0.042969 0.036748
16 0.29796 0.2364 0.039931 0.041667
16 0.341688 0.319589 0.043186 0.038484
16 0.621094 0.217014 0.039062 0.038773
16 0.627062 0.85026 0.039714 0.035012
16 0.674262 0.536458 0.043837 0.038194
16 0.69401 0.216291 0.043837 0.037905
16 0.719184 0.299913 0.03776 0.039062
16 0.766927 0.732928 0.052083 0.042245
17 0.858398 0.579138 0.037543 0.066262
4 0.297201 0.645689 0.058377 0.03559
4 0.376953 0.423177 0.082465 0.044271
4 0.378147 0.228733 0.084852 0.050637
4 0.391276 0.551215 0.068576 0.042245
4 0.473633 0.226707 0.07921 0.045428
4 0.532552 0.084925 0.083333 0.041956
