3 0.04014799999999996 0.599971 0.022569 0.048322
3 0.041557999999999984 0.528212 0.019748 0.057581
3 0.04253499999999999 0.6753469999999999 0.023438 0.053241
3 0.11349799999999999 0.588252 0.020399 0.042824
3 0.11588500000000002 0.538484 0.021701 0.043981
3 0.11805599999999994 0.483507 0.021701 0.052083
3 0.33767400000000003 0.727865 0.021267 0.05816
3 0.34440099999999996 0.47222200000000003 0.020833 0.050347
3 0.3472219999999999 0.39568899999999996 0.022569 0.051215
3 0.39214400000000005 0.605035 0.019531 0.049769
3 0.400065 0.31857599999999997 0.024523 0.042824
3 0.4652780000000001 0.35344299999999995 0.019965 0.050637
3 0.46658 0.271123 0.020399 0.048032
3 0.467882 0.200955 0.021267 0.050637
3 0.580946 0.5538190000000001 0.019097 0.052662
3 0.583333 0.476707 0.020833 0.051794
3 0.632704 0.45269099999999995 0.02105 0.054109
3 0.637261 0.375289 0.022352 0.059028
3 0.688043 0.44994199999999995 0.020616 0.053819
3 0.691081 0.36892400000000003 0.02322 0.055556
3 0.728407 0.5791379999999999 0.023655 0.040799
3 0.799696 0.35243100000000005 0.021701 0.050926
3 0.800456 0.28501200000000004 0.022786 0.050347
3 0.800998 0.208044 0.023438 0.047454
3 0.846463 0.433304 0.023655 0.041956
3 0.850803 0.36877899999999997 0.026693 0.044271
3 0.90115 0.20413800000000004 0.021918 0.047164
3 0.946723 0.579861 0.018446 0.052083
3 0.976237 0.19690399999999997 0.02322 0.057581
6 0.19813400000000003 0.13831000000000004 0.019965 0.04456
6 0.23491799999999996 0.13614000000000004 0.024089 0.037905
7 0.17871100000000006 0.25390599999999997 0.02322 0.035012
7 0.262587 0.565828 0.019965 0.037905
7 0.347982 0.22236699999999998 0.019314 0.039062
7 0.34950100000000006 0.317419 0.029297 0.027199
7 0.400825 0.23972800000000005 0.029514 0.026331
7 0.457465 0.656829 0.021701 0.035301
7 0.4598519999999999 0.585359 0.025608 0.030093
7 0.696398 0.294126 0.028646 0.024016
7 0.697483 0.24464699999999995 0.022135 0.033854
7 0.700195 0.18214699999999995 0.022786 0.033275
7 0.743056 0.21658 0.021267 0.032118
7 0.857096 0.18663200000000002 0.029731 0.027199
7 0.891385 0.38469299999999995 0.027561 0.032697
7 0.965712 0.33188700000000004 0.024306 0.024884
8 0.013780000000000014 0.14380800000000005 0.02322 0.045139
8 0.015515999999999974 0.764757 0.022352 0.047454
8 0.544813 0.6048899999999999 0.030599 0.05353
8 0.559136 0.14510999999999996 0.026693 0.04485
11 0.058918999999999944 0.84375 0.035807 0.034722
11 0.23893200000000003 0.831453 0.037326 0.033275
11 0.35666200000000003 0.81713 0.020616 0.037037
11 0.43088100000000007 0.835359 0.019314 0.046296
11 0.594184 0.7087669999999999 0.029948 0.047743
11 0.66428 0.699508 0.03342 0.040799
11 0.750326 0.697049 0.028429 0.037616
11 0.808919 0.708044 0.037543 0.033565
11 0.857964 0.6999420000000001 0.036241 0.032407
11 0.910699 0.700955 0.039714 0.033854
10 0.49750399999999995 0.761574 0.021484 0.04919
10 0.5051 0.15089699999999995 0.031467 0.045428
10 0.96951 0.616898 0.026693 0.047454
9 0.282227 0.09129100000000001 0.038411 0.03559
9 0.608398 0.06944399999999995 0.034939 0.042245
2 0.08333299999999999 0.777922 0.03559 0.030961
2 0.160265 0.776765 0.042752 0.036169
2 0.319987 0.13397000000000003 0.036675 0.033565
2 0.373915 0.12963000000000002 0.038194 0.040509
2 0.428385 0.13035300000000005 0.036458 0.033275
2 0.774306 0.12080400000000002 0.041667 0.035012
2 0.833333 0.11863400000000002 0.040799 0.040509
2 0.882053 0.11559600000000003 0.03928 0.034433
2 0.931532 0.11284700000000003 0.038845 0.034144
13 0.04405400000000004 0.261429 0.018663 0.099248
13 0.12228700000000003 0.24783 0.020182 0.087095
13 0.18001299999999998 0.45269099999999995 0.017144 0.087674
13 0.2621530000000001 0.37239599999999995 0.021701 0.068287
13 0.38671900000000003 0.709491 0.020833 0.081019
13 0.591037 0.224537 0.021918 0.089699
13 0.632921 0.5448500000000001 0.021484 0.081597
13 0.687283 0.521412 0.020399 0.07581
13 0.735677 0.43533 0.028646 0.081308
13 0.796224 0.43301500000000004 0.020399 0.070312
13 0.841688 0.5078119999999999 0.019314 0.070602
13 0.953776 0.495081 0.019965 0.081019
14 0.083225 0.14293999999999996 0.033637 0.02662
14 0.669705 0.12355300000000002 0.03342 0.030671
14 0.966146 0.116753 0.032552 0.032118
15 0.04524700000000004 0.738571 0.019748 0.043692
15 0.17523900000000003 0.6251450000000001 0.019314 0.036169
15 0.26410599999999995 0.637587 0.019965 0.044271
15 0.3425560000000001 0.574797 0.019314 0.043692
15 0.463325 0.5209779999999999 0.018229 0.042535
15 0.585178 0.39322900000000005 0.019314 0.043981
15 0.641819 0.294126 0.021484 0.042535
15 0.739149 0.354167 0.018663 0.041667
15 0.837131 0.620081 0.023655 0.034144
15 0.853624 0.29890000000000005 0.02105 0.042245
15 0.969618 0.27430600000000005 0.021267 0.031829
16 0.14778599999999997 0.13859999999999995 0.02474 0.028356
16 0.724067 0.12152799999999997 0.024523 0.03588
17 0.11599400000000004 0.68316 0.021484 0.045718
17 0.17719200000000002 0.5614870000000001 0.017144 0.043692
17 0.2633460000000001 0.724826 0.019748 0.042245
17 0.34092900000000004 0.633247 0.018229 0.042535
17 0.3950739999999999 0.527633 0.019748 0.039062
17 0.39724399999999993 0.46006899999999995 0.019314 0.039352
17 0.39898 0.38194399999999995 0.019314 0.042824
17 0.46267400000000003 0.43301500000000004 0.018663 0.047743
17 0.586046 0.322627 0.019748 0.04456
17 0.645074 0.20196800000000004 0.020616 0.049769
17 0.738824 0.283709 0.02105 0.041377
17 0.787326 0.614005 0.019097 0.043981
17 0.839844 0.570168 0.020399 0.036748
17 0.854818 0.24566 0.022569 0.041088
17 0.880968 0.608796 0.022352 0.028935
17 0.894965 0.32855900000000005 0.019097 0.039641
17 0.897027 0.266927 0.020182 0.041377
5 0.042425999999999964 0.404948 0.018446 0.056424
5 0.11979200000000001 0.38035300000000005 0.021267 0.05816
5 0.17871100000000006 0.35272000000000003 0.019314 0.054977
5 0.26182700000000003 0.46658 0.021484 0.056424
5 0.26399700000000004 0.25318300000000005 0.028429 0.106481
5 0.455078 0.722946 0.019097 0.059896
5 0.681858 0.6092299999999999 0.017795 0.0489
5 0.729709 0.528212 0.021918 0.062789
5 0.791992 0.541088 0.020616 0.069444
5 0.885308 0.540943 0.024523 0.05816
5 0.888129 0.457176 0.02105 0.067708
5 0.960503 0.406829 0.019531 0.071759
