3 0.359664 0.7597659999999999 0.04456 0.050347
3 0.908709 0.698242 0.041377 0.054036
3 0.25868099999999994 0.630968 0.041667 0.04796
3 0.908854 0.619792 0.039352 0.052517
3 0.77474 0.611003 0.033275 0.035373
3 0.767506 0.5558810000000001 0.036748 0.04145
3 0.902488 0.545247 0.045139 0.055339
3 0.759693 0.500109 0.041377 0.046658
3 0.33998799999999996 0.4949 0.039352 0.053168
3 0.330006 0.41645 0.041377 0.046441
3 0.11313700000000004 0.374023 0.041088 0.053168
3 0.232205 0.339627 0.039062 0.042969
3 0.10648100000000005 0.28993100000000005 0.041088 0.045573
3 0.09895799999999999 0.21918400000000005 0.045139 0.049045
0 0.695312 0.809462 0.067708 0.03776
0 0.837963 0.808268 0.058449 0.035373
0 0.166667 0.14409700000000003 0.067708 0.040799
0 0.3693580000000001 0.14366299999999999 0.069734 0.045139
0 0.266493 0.14225299999999996 0.070602 0.042318
7 0.13585099999999994 0.689019 0.04022 0.039497
7 0.130498 0.6139319999999999 0.037616 0.034288
7 0.49464700000000006 0.5879989999999999 0.035012 0.037109
7 0.32277200000000006 0.334635 0.04022 0.03342
7 0.637008 0.262695 0.042535 0.033637
7 0.22468200000000005 0.25672700000000004 0.045428 0.037326
7 0.3192999999999999 0.23763 0.038484 0.035156
6 0.592882 0.14626700000000004 0.043403 0.040365
6 0.525029 0.14529099999999995 0.045428 0.036675
11 0.885127 0.877062 0.050926 0.046224
11 0.18663200000000002 0.872613 0.050347 0.042101
11 0.546152 0.867405 0.054688 0.038628
11 0.32884800000000003 0.852648 0.050637 0.039062
8 0.06597200000000003 0.799588 0.050926 0.051432
8 0.02763300000000002 0.16623299999999996 0.050058 0.055122
9 0.433883 0.09754799999999997 0.058738 0.042752
10 0.956597 0.793945 0.036458 0.044054
10 0.928241 0.14681 0.051505 0.043186
13 0.27097799999999994 0.7402340000000001 0.047164 0.086372
13 0.645399 0.46799 0.038484 0.086155
13 0.48639999999999994 0.38671900000000003 0.037037 0.05816
13 0.884404 0.26714400000000005 0.041377 0.10026
13 0.741175 0.25488299999999997 0.04485 0.083984
15 0.904659 0.765734 0.034433 0.042318
15 0.494502 0.6652560000000001 0.037616 0.043186
15 0.661603 0.650282 0.035012 0.036675
15 0.346209 0.60102 0.037905 0.04145
15 0.12384300000000004 0.548177 0.033565 0.041233
14 0.802373 0.14561599999999997 0.058449 0.032118
17 0.49783 0.757053 0.036169 0.035807
17 0.774595 0.709635 0.038194 0.046875
17 0.350839 0.662435 0.033275 0.042752
17 0.653646 0.581055 0.032986 0.040148
17 0.24783 0.5525169999999999 0.036169 0.033854
17 0.24059600000000003 0.484484 0.033854 0.035807
17 0.12138300000000002 0.45789899999999994 0.038484 0.046007
17 0.23509800000000003 0.402127 0.033275 0.036892
16 0.685185 0.14366299999999999 0.054398 0.026476
5 0.14482099999999998 0.75651 0.037905 0.06033
5 0.490885 0.48708799999999997 0.042535 0.059245
5 0.896123 0.41688400000000003 0.037616 0.057292
5 0.75434 0.394965 0.045718 0.063368
5 0.644387 0.364475 0.038194 0.059245
5 0.47714100000000004 0.260308 0.048032 0.101345
