2 0.7597659999999999 0.359664 0.050347 0.04456
2 0.698242 0.908709 0.054036 0.041377
2 0.630968 0.258681 0.04796 0.041667
2 0.619792 0.908854 0.052517 0.039352
2 0.611003 0.77474 0.035373 0.033275
2 0.5558810000000001 0.767506 0.04145 0.036748
2 0.545247 0.902488 0.055339 0.045139
2 0.500109 0.759693 0.046658 0.041377
2 0.4949 0.339988 0.053168 0.039352
2 0.41645 0.330006 0.046441 0.041377
2 0.374023 0.113137 0.053168 0.041088
2 0.339627 0.232205 0.042969 0.039062
2 0.28993100000000005 0.106481 0.045573 0.041088
2 0.21918400000000005 0.098958 0.049045 0.045139
1 0.809462 0.695312 0.03776 0.067708
1 0.808268 0.837963 0.035373 0.058449
1 0.14409700000000003 0.166667 0.040799 0.067708
1 0.14366299999999999 0.369358 0.045139 0.069734
1 0.14225299999999996 0.266493 0.042318 0.070602
6 0.689019 0.135851 0.039497 0.04022
6 0.6139319999999999 0.130498 0.034288 0.037616
6 0.5879989999999999 0.494647 0.037109 0.035012
6 0.334635 0.322772 0.03342 0.04022
6 0.262695 0.637008 0.033637 0.042535
6 0.25672700000000004 0.224682 0.037326 0.045428
6 0.23763 0.3193 0.035156 0.038484
7 0.14626700000000004 0.592882 0.040365 0.043403
7 0.14529099999999995 0.525029 0.036675 0.045428
10 0.877062 0.885127 0.046224 0.050926
10 0.872613 0.186632 0.042101 0.050347
10 0.867405 0.546152 0.038628 0.054688
10 0.852648 0.328848 0.039062 0.050637
9 0.799588 0.065972 0.051432 0.050926
9 0.16623299999999996 0.027633 0.055122 0.050058
8 0.09754799999999997 0.433883 0.042752 0.058738
11 0.793945 0.956597 0.044054 0.036458
11 0.14681 0.928241 0.043186 0.051505
12 0.7402340000000001 0.270978 0.086372 0.047164
12 0.46799 0.645399 0.086155 0.038484
12 0.38671900000000003 0.4864 0.05816 0.037037
12 0.26714400000000005 0.884404 0.10026 0.041377
12 0.25488299999999997 0.741175 0.083984 0.04485
14 0.765734 0.904659 0.042318 0.034433
14 0.6652560000000001 0.494502 0.043186 0.037616
14 0.650282 0.661603 0.036675 0.035012
14 0.60102 0.346209 0.04145 0.037905
14 0.548177 0.123843 0.041233 0.033565
15 0.14561599999999997 0.802373 0.032118 0.058449
16 0.757053 0.49783 0.035807 0.036169
16 0.709635 0.774595 0.046875 0.038194
16 0.662435 0.350839 0.042752 0.033275
16 0.581055 0.653646 0.040148 0.032986
16 0.5525169999999999 0.24783 0.033854 0.036169
16 0.484484 0.240596 0.035807 0.033854
16 0.45789899999999994 0.121383 0.046007 0.038484
16 0.402127 0.235098 0.036892 0.033275
17 0.14366299999999999 0.685185 0.026476 0.054398
4 0.75651 0.144821 0.06033 0.037905
4 0.48708799999999997 0.490885 0.059245 0.042535
4 0.41688400000000003 0.896123 0.057292 0.037616
4 0.394965 0.75434 0.063368 0.045718
4 0.364475 0.644387 0.059245 0.038194
4 0.260308 0.477141 0.101345 0.048032
