0 0.40089700000000006 0.943793 0.05353 0.023872
0 0.636719 0.933485 0.065683 0.024957
0 0.73886 0.93099 0.07147 0.025174
0 0.748843 0.864583 0.054398 0.02474
0 0.34418400000000005 0.832465 0.055845 0.020399
0 0.45384800000000003 0.771918 0.055266 0.021701
0 0.662037 0.765299 0.054977 0.024523
0 0.752315 0.764865 0.054398 0.023655
0 0.31568299999999994 0.6372610000000001 0.045139 0.022786
0 0.3794850000000001 0.6336809999999999 0.057581 0.023003
0 0.559462 0.590712 0.059317 0.027344
0 0.656684 0.5902780000000001 0.055845 0.022135
0 0.311921 0.554253 0.048611 0.022135
0 0.649161 0.533963 0.055266 0.024089
0 0.278212 0.426215 0.050058 0.02908
0 0.612992 0.40787799999999996 0.059317 0.021918
0 0.33506900000000006 0.34733099999999995 0.058449 0.025391
0 0.775752 0.31304299999999996 0.052662 0.026693
0 0.342159 0.24240499999999998 0.047164 0.024306
0 0.400463 0.237522 0.042824 0.022786
0 0.46918400000000005 0.23404899999999995 0.055845 0.024089
0 0.656395 0.17111500000000002 0.046586 0.022352
0 0.718605 0.16623299999999996 0.038484 0.02474
0 0.778791 0.16015599999999997 0.042535 0.020833
0 0.766638 0.10731299999999999 0.05353 0.026259
0 0.583623 0.06608099999999995 0.052662 0.022352
0 0.65191 0.06304299999999996 0.058449 0.024957
7 0.818866 0.703016 0.033565 0.026259
7 0.818576 0.6640619999999999 0.035301 0.027344
6 0.74566 0.686957 0.035301 0.021484
6 0.754485 0.5881080000000001 0.042535 0.023003
6 0.739439 0.531141 0.041377 0.029731
11 0.44690399999999997 0.974609 0.048322 0.027344
11 0.806713 0.966037 0.050347 0.027561
11 0.572627 0.45084599999999997 0.050347 0.032335
11 0.826534 0.42513 0.058738 0.029514
8 0.203704 0.922201 0.03588 0.039714
8 0.192708 0.8089189999999999 0.041088 0.031901
8 0.229456 0.671115 0.041088 0.034939
8 0.22063100000000002 0.581055 0.034433 0.034071
8 0.16550900000000002 0.422635 0.038773 0.035373
8 0.18402799999999997 0.33799900000000005 0.042824 0.034071
9 0.424624 0.507595 0.055266 0.03125
9 0.6943 0.488607 0.051794 0.035807
9 0.790654 0.480035 0.057581 0.038628
9 0.2900750000000001 0.035155999999999965 0.051794 0.037326
10 0.883536 0.915365 0.034433 0.039497
10 0.879919 0.641602 0.041667 0.036675
1 0.822338 0.7932939999999999 0.037616 0.035807
1 0.822772 0.7432730000000001 0.03559 0.03776
1 0.851997 0.33875900000000003 0.046007 0.042535
1 0.855469 0.27983899999999995 0.034433 0.045356
1 0.24826400000000004 0.21647099999999997 0.034722 0.035807
1 0.250579 0.16200099999999995 0.040509 0.029731
1 0.855324 0.127062 0.037037 0.044054
1 0.24638300000000002 0.10514299999999999 0.037905 0.030165
13 0.27184600000000003 0.740885 0.028646 0.050781
13 0.23726899999999995 0.385417 0.035301 0.050781
12 0.318287 0.9483509999999999 0.078125 0.02691
12 0.549769 0.877062 0.078704 0.026259
12 0.592303 0.814562 0.082176 0.02105
12 0.302662 0.777886 0.050926 0.01671
12 0.524161 0.690647 0.078993 0.02322
12 0.572917 0.629015 0.079861 0.020616
12 0.367043 0.598741 0.073206 0.020833
12 0.43127899999999997 0.41601600000000005 0.074942 0.02691
12 0.587674 0.32573799999999997 0.075231 0.03125
12 0.750434 0.21712200000000004 0.079572 0.021918
12 0.47381399999999996 0.19010400000000005 0.083623 0.027778
12 0.545284 0.12250399999999995 0.078414 0.022352
12 0.50651 0.07226600000000005 0.069155 0.021701
15 0.81901 0.887695 0.032118 0.028863
15 0.828559 0.611003 0.028646 0.032335
15 0.24551500000000004 0.31108899999999995 0.032118 0.037543
15 0.853009 0.23296399999999995 0.029514 0.035807
15 0.858073 0.07888499999999998 0.026331 0.033203
14 0.47743099999999994 0.939996 0.04456 0.024523
14 0.631366 0.870768 0.041088 0.019748
16 0.678385 0.869575 0.037905 0.020833
14 0.750434 0.813477 0.037905 0.01888
14 0.529514 0.769965 0.045139 0.023872
14 0.616464 0.689345 0.041956 0.021918
14 0.669271 0.6283639999999999 0.041088 0.020182
14 0.388166 0.549371 0.042535 0.024089
14 0.699653 0.40332 0.042245 0.021484
14 0.41276 0.335503 0.047743 0.023872
14 0.311198 0.199978 0.041956 0.021918
14 0.637153 0.11914100000000005 0.038773 0.021701
14 0.728154 0.05729200000000001 0.04022 0.022135
17 0.822772 0.841254 0.028067 0.030599
17 0.832031 0.571615 0.028646 0.02691
17 0.24797500000000006 0.27235200000000004 0.037037 0.033854
17 0.851418 0.18077299999999996 0.03559 0.024306
16 0.546875 0.935655 0.046875 0.027561
14 0.311198 0.889865 0.037905 0.021484
16 0.37066 0.88661 0.046296 0.022786
16 0.4074070000000001 0.829102 0.039352 0.021918
16 0.684462 0.813694 0.044271 0.019314
16 0.588108 0.765516 0.044271 0.024957
16 0.34910299999999994 0.700412 0.042535 0.024957
16 0.677373 0.688477 0.041667 0.021918
16 0.732205 0.627713 0.042535 0.022352
16 0.459491 0.54503 0.041088 0.021918
16 0.354167 0.418728 0.039931 0.021484
16 0.772859 0.399957 0.045139 0.020833
16 0.48669000000000007 0.330187 0.046875 0.027127
16 0.547598 0.230143 0.044271 0.020616
16 0.37731500000000007 0.19357599999999997 0.04919 0.021701
16 0.35763900000000004 0.137695 0.043403 0.026693
16 0.701823 0.11393200000000003 0.044271 0.023003
16 0.360677 0.08083799999999997 0.04022 0.022786
16 0.789497 0.05316799999999999 0.043692 0.023003
4 0.446759 0.881293 0.066551 0.020833
4 0.4888600000000001 0.821398 0.069155 0.019097
4 0.36964700000000006 0.7743059999999999 0.063368 0.022135
4 0.42144099999999995 0.696832 0.069155 0.022135
4 0.46773700000000007 0.6306419999999999 0.069155 0.022135
4 0.459491 0.595161 0.0625 0.022352
4 0.542101 0.540365 0.078993 0.028212
4 0.519965 0.41113299999999997 0.074074 0.025825
4 0.684462 0.31857599999999997 0.080729 0.02691
4 0.639468 0.22547700000000004 0.074074 0.023003
4 0.571036 0.18316 0.078993 0.023872
4 0.441117 0.13259500000000002 0.065104 0.024306
4 0.42086200000000007 0.07606299999999999 0.059317 0.02105
