0 0.635851 0.935764 0.050637 0.018663
0 0.582899 0.59299 0.052951 0.021484
0 0.490162 0.533746 0.04919 0.01888
7 0.804832 0.849935 0.024595 0.021918
7 0.840133 0.290907 0.032118 0.025825
6 0.310041 0.796224 0.026331 0.025608
6 0.502315 0.59809 0.027199 0.022569
6 0.2556419999999999 0.34743900000000005 0.031539 0.022569
6 0.4409719999999999 0.09201400000000004 0.034144 0.023003
6 0.519387 0.08691400000000005 0.034722 0.024957
11 0.745949 0.963433 0.03125 0.022786
11 0.22627299999999995 0.37944900000000004 0.045139 0.020182
11 0.805411 0.375109 0.03559 0.021484
8 0.210214 0.8473310000000001 0.038484 0.018446
8 0.22294599999999998 0.72385 0.037905 0.028429
8 0.23813700000000004 0.601345 0.035301 0.036892
8 0.261285 0.5336369999999999 0.024306 0.026476
9 0.350116 0.48817299999999997 0.032407 0.027995
9 0.830295 0.033420000000000005 0.04485 0.02474
10 0.891059 0.32204900000000003 0.030382 0.03559
1 0.797598 0.898438 0.032118 0.038194
1 0.692564 0.89388 0.03559 0.038194
1 0.42997700000000005 0.290907 0.039931 0.035807
1 0.844907 0.24631099999999995 0.033565 0.03776
1 0.426215 0.23665400000000003 0.037037 0.037543
1 0.850116 0.19759099999999996 0.032986 0.037977
1 0.552807 0.17035599999999995 0.026331 0.038194
1 0.67636 0.16612400000000005 0.03559 0.038411
1 0.853009 0.14822000000000002 0.029514 0.036024
13 0.725116 0.751194 0.036458 0.044488
13 0.663194 0.28472200000000003 0.042824 0.051649
13 0.300492 0.28352900000000003 0.033854 0.052734
12 0.4162330000000001 0.841037 0.054688 0.019748
12 0.48205999999999993 0.703559 0.096065 0.020833
12 0.720052 0.5360240000000001 0.081887 0.021267
12 0.360677 0.35102 0.076678 0.022786
15 0.815828 0.651367 0.022859 0.041884
15 0.673032 0.222873 0.027199 0.028646
15 0.42664900000000006 0.18066400000000005 0.02691 0.034939
15 0.549913 0.11968299999999998 0.025174 0.026259
15 0.856771 0.09917500000000001 0.027199 0.035156
14 0.54456 0.933702 0.039352 0.02105
14 0.71195 0.5949439999999999 0.050058 0.019314
14 0.591725 0.5346139999999999 0.045139 0.020182
14 0.710069 0.34765599999999997 0.045139 0.019097
17 0.809606 0.753689 0.026042 0.02474
17 0.552373 0.22645400000000004 0.02662 0.026693
16 0.4755499999999999 0.931858 0.032118 0.018229
16 0.398872 0.53201 0.042535 0.01888
16 0.609664 0.34733099999999995 0.045718 0.019314
16 0.753183 0.07421900000000003 0.049769 0.020833
5 0.568721 0.746853 0.027488 0.040582
5 0.20703099999999997 0.288411 0.029225 0.052517
5 0.548756 0.273655 0.037905 0.047743
5 0.20920099999999997 0.23046900000000003 0.031829 0.048177
5 0.302373 0.19921900000000003 0.038773 0.050781
5 0.21426500000000004 0.17057299999999997 0.028646 0.037326
4 0.571181 0.841363 0.072917 0.019531
4 0.46672500000000006 0.799371 0.076968 0.023655
4 0.656973 0.705838 0.085359 0.01888
4 0.49059600000000003 0.347765 0.069734 0.024089
