0 0.414388 0.8926499999999999 0.047092 0.033565
0 0.51671 0.789352 0.050347 0.034722
0 0.590169 0.11863400000000002 0.049696 0.040509
3 0.650282 0.20355900000000005 0.035807 0.079572
3 0.768663 0.20023100000000005 0.039931 0.072338
6 0.23383200000000004 0.37717 0.027995 0.039062
6 0.42979600000000007 0.772135 0.031901 0.039062
7 0.775065 0.29701999999999995 0.021918 0.038484
8 0.12858100000000006 0.27662 0.038411 0.032407
8 0.13975700000000002 0.510127 0.036024 0.055556
8 0.153103 0.745804 0.031033 0.066262
8 0.17437100000000005 0.872396 0.030165 0.043403
11 0.264648 0.958044 0.036675 0.038773
9 0.714193 0.062211000000000016 0.026476 0.041088
12 0.34733100000000006 0.294705 0.056641 0.043113
12 0.41178399999999993 0.56684 0.101345 0.042245
12 0.660265 0.911458 0.081814 0.048032
13 0.679688 0.49059600000000003 0.03776 0.085938
14 0.488607 0.11747700000000005 0.041016 0.034144
14 0.52398 0.900608 0.053602 0.039641
14 0.655382 0.797454 0.047743 0.032986
15 0.774414 0.698206 0.024089 0.079282
16 0.31835900000000006 0.887442 0.046007 0.03588
16 0.41113299999999997 0.120081 0.035373 0.030093
17 0.774414 0.489873 0.028429 0.061921
4 0.399957 0.37890599999999997 0.088108 0.051794
4 0.513672 0.299913 0.077691 0.04022
4 0.600586 0.5758099999999999 0.087457 0.03588
5 0.507595 0.490162 0.025174 0.082755
