0 0.40002899999999997 0.04014799999999996 0.048322 0.022569
0 0.471788 0.041557999999999984 0.057581 0.019748
0 0.3246530000000001 0.04253499999999999 0.053241 0.023438
0 0.411748 0.11349799999999999 0.042824 0.020399
0 0.46151600000000004 0.11588500000000002 0.043981 0.021701
0 0.516493 0.11805599999999994 0.052083 0.021701
0 0.272135 0.33767400000000003 0.05816 0.021267
0 0.527778 0.34440099999999996 0.050347 0.020833
0 0.604311 0.3472219999999999 0.051215 0.022569
0 0.394965 0.39214400000000005 0.049769 0.019531
0 0.681424 0.400065 0.042824 0.024523
0 0.646557 0.4652780000000001 0.050637 0.019965
0 0.728877 0.46658 0.048032 0.020399
0 0.799045 0.467882 0.050637 0.021267
0 0.44618099999999994 0.580946 0.052662 0.019097
0 0.523293 0.583333 0.051794 0.020833
0 0.547309 0.632704 0.054109 0.02105
0 0.624711 0.637261 0.059028 0.022352
0 0.550058 0.688043 0.053819 0.020616
0 0.631076 0.691081 0.055556 0.02322
0 0.42086200000000007 0.728407 0.040799 0.023655
0 0.647569 0.799696 0.050926 0.021701
0 0.714988 0.800456 0.050347 0.022786
0 0.791956 0.800998 0.047454 0.023438
0 0.566696 0.846463 0.041956 0.023655
0 0.631221 0.850803 0.044271 0.026693
0 0.795862 0.90115 0.047164 0.021918
0 0.42013900000000004 0.946723 0.052083 0.018446
0 0.803096 0.976237 0.057581 0.02322
7 0.86169 0.19813400000000003 0.04456 0.019965
7 0.86386 0.23491799999999996 0.037905 0.024089
6 0.746094 0.17871100000000006 0.035012 0.02322
6 0.434172 0.262587 0.037905 0.019965
6 0.777633 0.347982 0.039062 0.019314
6 0.682581 0.34950100000000006 0.027199 0.029297
6 0.760272 0.400825 0.026331 0.029514
6 0.343171 0.457465 0.035301 0.021701
6 0.41464100000000004 0.4598519999999999 0.030093 0.025608
6 0.705874 0.696398 0.024016 0.028646
6 0.755353 0.697483 0.033854 0.022135
6 0.817853 0.700195 0.033275 0.022786
6 0.78342 0.743056 0.032118 0.021267
6 0.813368 0.857096 0.027199 0.029731
6 0.615307 0.891385 0.032697 0.027561
6 0.668113 0.965712 0.024884 0.024306
9 0.856192 0.013780000000000014 0.045139 0.02322
9 0.23524299999999998 0.015515999999999974 0.047454 0.022352
9 0.3951100000000001 0.544813 0.05353 0.030599
9 0.85489 0.559136 0.04485 0.026693
8 0.15625 0.058918999999999944 0.034722 0.035807
8 0.168547 0.23893200000000003 0.033275 0.037326
8 0.18286999999999998 0.35666200000000003 0.037037 0.020616
8 0.16464100000000004 0.43088100000000007 0.046296 0.019314
8 0.2912330000000001 0.594184 0.047743 0.029948
8 0.300492 0.66428 0.040799 0.03342
8 0.30295099999999997 0.750326 0.037616 0.028429
8 0.291956 0.808919 0.033565 0.037543
8 0.30005799999999994 0.857964 0.032407 0.036241
8 0.299045 0.910699 0.033854 0.039714
11 0.23842600000000003 0.49750399999999995 0.04919 0.021484
11 0.849103 0.5051 0.045428 0.031467
11 0.38310200000000005 0.96951 0.047454 0.026693
10 0.908709 0.282227 0.03559 0.038411
10 0.930556 0.608398 0.042245 0.034939
3 0.222078 0.08333299999999999 0.030961 0.03559
3 0.22323499999999996 0.160265 0.036169 0.042752
3 0.86603 0.319987 0.033565 0.036675
3 0.87037 0.373915 0.040509 0.038194
3 0.869647 0.428385 0.033275 0.036458
3 0.879196 0.774306 0.035012 0.041667
3 0.881366 0.833333 0.040509 0.040799
3 0.884404 0.882053 0.034433 0.03928
3 0.887153 0.931532 0.034144 0.038845
12 0.738571 0.04405400000000004 0.099248 0.018663
12 0.75217 0.12228700000000003 0.087095 0.020182
12 0.547309 0.18001299999999998 0.087674 0.017144
12 0.627604 0.2621530000000001 0.068287 0.021701
12 0.290509 0.38671900000000003 0.081019 0.020833
12 0.775463 0.591037 0.089699 0.021918
12 0.45514999999999994 0.632921 0.081597 0.021484
12 0.478588 0.687283 0.07581 0.020399
12 0.56467 0.735677 0.081308 0.028646
12 0.566985 0.796224 0.070312 0.020399
12 0.49218800000000007 0.841688 0.070602 0.019314
12 0.504919 0.953776 0.081019 0.019965
15 0.85706 0.083225 0.02662 0.033637
15 0.876447 0.669705 0.030671 0.03342
15 0.883247 0.966146 0.032118 0.032552
14 0.261429 0.04524700000000004 0.043692 0.019748
14 0.37485499999999994 0.17523900000000003 0.036169 0.019314
14 0.362413 0.26410599999999995 0.044271 0.019965
14 0.425203 0.3425560000000001 0.043692 0.019314
14 0.47902200000000006 0.463325 0.042535 0.018229
14 0.606771 0.585178 0.043981 0.019314
14 0.705874 0.641819 0.042535 0.021484
14 0.645833 0.739149 0.041667 0.018663
14 0.379919 0.837131 0.034144 0.023655
14 0.7011 0.853624 0.042245 0.02105
14 0.725694 0.969618 0.031829 0.021267
17 0.8614 0.14778599999999997 0.028356 0.02474
17 0.878472 0.724067 0.03588 0.024523
16 0.31684 0.11599400000000004 0.045718 0.021484
16 0.43851299999999993 0.17719200000000002 0.043692 0.017144
16 0.27517400000000003 0.2633460000000001 0.042245 0.019748
16 0.366753 0.34092900000000004 0.042535 0.018229
16 0.472367 0.3950739999999999 0.039062 0.019748
16 0.539931 0.39724399999999993 0.039352 0.019314
16 0.618056 0.39898 0.042824 0.019314
16 0.566985 0.46267400000000003 0.047743 0.018663
16 0.677373 0.586046 0.04456 0.019748
16 0.798032 0.645074 0.049769 0.020616
16 0.716291 0.738824 0.041377 0.02105
16 0.385995 0.787326 0.043981 0.019097
16 0.429832 0.839844 0.036748 0.020399
16 0.75434 0.854818 0.041088 0.022569
16 0.391204 0.880968 0.028935 0.022352
16 0.671441 0.894965 0.039641 0.019097
16 0.733073 0.897027 0.041377 0.020182
4 0.595052 0.042425999999999964 0.056424 0.018446
4 0.619647 0.11979200000000001 0.05816 0.021267
4 0.64728 0.17871100000000006 0.054977 0.019314
4 0.53342 0.26182700000000003 0.056424 0.021484
4 0.746817 0.26399700000000004 0.106481 0.028429
4 0.277054 0.455078 0.059896 0.019097
4 0.39077000000000006 0.681858 0.0489 0.017795
4 0.471788 0.729709 0.062789 0.021918
4 0.458912 0.791992 0.069444 0.020616
4 0.45905700000000005 0.885308 0.05816 0.024523
4 0.542824 0.888129 0.067708 0.02105
4 0.593171 0.960503 0.071759 0.019531
