2 0.7597659999999999 0.640336 0.050347 0.04456
2 0.698242 0.09129100000000001 0.054036 0.041377
2 0.630968 0.7413190000000001 0.04796 0.041667
2 0.619792 0.09114599999999995 0.052517 0.039352
2 0.611003 0.22526000000000002 0.035373 0.033275
2 0.5558810000000001 0.23249399999999998 0.04145 0.036748
2 0.545247 0.09751200000000004 0.055339 0.045139
2 0.500109 0.24030700000000005 0.046658 0.041377
2 0.4949 0.660012 0.053168 0.039352
2 0.41645 0.669994 0.046441 0.041377
2 0.374023 0.886863 0.053168 0.041088
2 0.339627 0.767795 0.042969 0.039062
2 0.28993100000000005 0.893519 0.045573 0.041088
2 0.21918400000000005 0.901042 0.049045 0.045139
3 0.809462 0.30468799999999996 0.03776 0.067708
3 0.808268 0.162037 0.035373 0.058449
3 0.14409700000000003 0.833333 0.040799 0.067708
3 0.14366299999999999 0.6306419999999999 0.045139 0.069734
3 0.14225299999999996 0.733507 0.042318 0.070602
6 0.689019 0.8641490000000001 0.039497 0.04022
6 0.6139319999999999 0.869502 0.034288 0.037616
6 0.5879989999999999 0.5053529999999999 0.037109 0.035012
6 0.334635 0.6772279999999999 0.03342 0.04022
6 0.262695 0.362992 0.033637 0.042535
6 0.25672700000000004 0.775318 0.037326 0.045428
6 0.23763 0.6807000000000001 0.035156 0.038484
7 0.14626700000000004 0.407118 0.040365 0.043403
7 0.14529099999999995 0.47497100000000003 0.036675 0.045428
10 0.877062 0.114873 0.046224 0.050926
10 0.872613 0.813368 0.042101 0.050347
10 0.867405 0.45384800000000003 0.038628 0.054688
10 0.852648 0.671152 0.039062 0.050637
11 0.799588 0.934028 0.051432 0.050926
11 0.16623299999999996 0.972367 0.055122 0.050058
8 0.09754799999999997 0.566117 0.042752 0.058738
9 0.793945 0.04340299999999997 0.044054 0.036458
9 0.14681 0.07175900000000002 0.043186 0.051505
12 0.7402340000000001 0.7290220000000001 0.086372 0.047164
12 0.46799 0.35460100000000006 0.086155 0.038484
12 0.38671900000000003 0.5136000000000001 0.05816 0.037037
12 0.26714400000000005 0.11559600000000003 0.10026 0.041377
12 0.25488299999999997 0.25882499999999997 0.083984 0.04485
14 0.765734 0.09534100000000001 0.042318 0.034433
14 0.6652560000000001 0.505498 0.043186 0.037616
14 0.650282 0.33839699999999995 0.036675 0.035012
14 0.60102 0.653791 0.04145 0.037905
14 0.548177 0.876157 0.041233 0.033565
15 0.14561599999999997 0.197627 0.032118 0.058449
16 0.757053 0.50217 0.035807 0.036169
16 0.709635 0.22540499999999997 0.046875 0.038194
16 0.662435 0.649161 0.042752 0.033275
16 0.581055 0.34635400000000005 0.040148 0.032986
16 0.5525169999999999 0.75217 0.033854 0.036169
16 0.484484 0.759404 0.035807 0.033854
16 0.45789899999999994 0.878617 0.046007 0.038484
16 0.402127 0.764902 0.036892 0.033275
17 0.14366299999999999 0.31481499999999996 0.026476 0.054398
4 0.75651 0.855179 0.06033 0.037905
4 0.48708799999999997 0.509115 0.059245 0.042535
4 0.41688400000000003 0.103877 0.057292 0.037616
4 0.394965 0.24566 0.063368 0.045718
4 0.364475 0.35561299999999996 0.059245 0.038194
4 0.260308 0.522859 0.101345 0.048032
