1 0.640336 0.240234 0.04456 0.050347
1 0.09129100000000001 0.301758 0.041377 0.054036
1 0.7413190000000001 0.369032 0.041667 0.04796
1 0.09114599999999995 0.380208 0.039352 0.052517
1 0.22526000000000002 0.388997 0.033275 0.035373
1 0.23249399999999998 0.444119 0.036748 0.04145
1 0.09751200000000004 0.454753 0.045139 0.055339
1 0.24030700000000005 0.499891 0.041377 0.046658
1 0.660012 0.5051 0.039352 0.053168
1 0.669994 0.58355 0.041377 0.046441
1 0.886863 0.625977 0.041088 0.053168
1 0.767795 0.660373 0.039062 0.042969
1 0.893519 0.710069 0.041088 0.045573
1 0.901042 0.780816 0.045139 0.049045
2 0.30468799999999996 0.190538 0.067708 0.03776
2 0.162037 0.191732 0.058449 0.035373
2 0.833333 0.855903 0.067708 0.040799
2 0.6306419999999999 0.856337 0.069734 0.045139
2 0.733507 0.857747 0.070602 0.042318
7 0.8641490000000001 0.310981 0.04022 0.039497
7 0.869502 0.386068 0.037616 0.034288
7 0.5053529999999999 0.412001 0.035012 0.037109
7 0.6772279999999999 0.665365 0.04022 0.03342
7 0.362992 0.737305 0.042535 0.033637
7 0.775318 0.743273 0.045428 0.037326
7 0.6807000000000001 0.76237 0.038484 0.035156
6 0.407118 0.853733 0.043403 0.040365
6 0.47497100000000003 0.854709 0.045428 0.036675
9 0.114873 0.122938 0.050926 0.046224
9 0.813368 0.127387 0.050347 0.042101
9 0.45384800000000003 0.132595 0.054688 0.038628
9 0.671152 0.147352 0.050637 0.039062
10 0.934028 0.200412 0.050926 0.051432
10 0.972367 0.833767 0.050058 0.055122
11 0.566117 0.902452 0.058738 0.042752
8 0.04340299999999997 0.206055 0.036458 0.044054
8 0.07175900000000002 0.85319 0.051505 0.043186
13 0.7290220000000001 0.259766 0.047164 0.086372
13 0.35460100000000006 0.53201 0.038484 0.086155
13 0.5136000000000001 0.613281 0.037037 0.05816
13 0.11559600000000003 0.732856 0.041377 0.10026
13 0.25882499999999997 0.745117 0.04485 0.083984
15 0.09534100000000001 0.234266 0.034433 0.042318
15 0.505498 0.334744 0.037616 0.043186
15 0.33839699999999995 0.349718 0.035012 0.036675
15 0.653791 0.39898 0.037905 0.04145
15 0.876157 0.451823 0.033565 0.041233
14 0.197627 0.854384 0.058449 0.032118
17 0.50217 0.242947 0.036169 0.035807
17 0.22540499999999997 0.290365 0.038194 0.046875
17 0.649161 0.337565 0.033275 0.042752
17 0.34635400000000005 0.418945 0.032986 0.040148
17 0.75217 0.447483 0.036169 0.033854
17 0.759404 0.515516 0.033854 0.035807
17 0.878617 0.542101 0.038484 0.046007
17 0.764902 0.597873 0.033275 0.036892
16 0.31481499999999996 0.856337 0.054398 0.026476
5 0.855179 0.24349 0.037905 0.06033
5 0.509115 0.512912 0.042535 0.059245
5 0.103877 0.583116 0.037616 0.057292
5 0.24566 0.605035 0.045718 0.063368
5 0.35561299999999996 0.635525 0.038194 0.059245
5 0.522859 0.739692 0.048032 0.101345
