0 0.24023400000000006 0.640336 0.050347 0.04456
0 0.30175799999999997 0.09129100000000001 0.054036 0.041377
0 0.369032 0.7413190000000001 0.04796 0.041667
0 0.380208 0.09114599999999995 0.052517 0.039352
0 0.38899700000000004 0.22526000000000002 0.035373 0.033275
0 0.44411899999999993 0.23249399999999998 0.04145 0.036748
0 0.45475299999999996 0.09751200000000004 0.055339 0.045139
0 0.499891 0.24030700000000005 0.046658 0.041377
0 0.5051 0.660012 0.053168 0.039352
0 0.58355 0.669994 0.046441 0.041377
0 0.625977 0.886863 0.053168 0.041088
0 0.660373 0.767795 0.042969 0.039062
0 0.710069 0.893519 0.045573 0.041088
0 0.780816 0.901042 0.049045 0.045139
3 0.19053799999999999 0.30468799999999996 0.03776 0.067708
3 0.191732 0.162037 0.035373 0.058449
3 0.855903 0.833333 0.040799 0.067708
3 0.856337 0.6306419999999999 0.045139 0.069734
3 0.857747 0.733507 0.042318 0.070602
6 0.31098099999999995 0.8641490000000001 0.039497 0.04022
6 0.3860680000000001 0.869502 0.034288 0.037616
6 0.41200100000000006 0.5053529999999999 0.037109 0.035012
6 0.665365 0.6772279999999999 0.03342 0.04022
6 0.737305 0.362992 0.033637 0.042535
6 0.743273 0.775318 0.037326 0.045428
6 0.76237 0.6807000000000001 0.035156 0.038484
7 0.853733 0.407118 0.040365 0.043403
7 0.854709 0.47497100000000003 0.036675 0.045428
8 0.12293799999999999 0.114873 0.046224 0.050926
8 0.12738700000000003 0.813368 0.042101 0.050347
8 0.13259500000000002 0.45384800000000003 0.038628 0.054688
8 0.14735200000000004 0.671152 0.039062 0.050637
11 0.20041200000000003 0.934028 0.051432 0.050926
11 0.833767 0.972367 0.055122 0.050058
10 0.902452 0.566117 0.042752 0.058738
9 0.206055 0.04340299999999997 0.044054 0.036458
9 0.85319 0.07175900000000002 0.043186 0.051505
12 0.25976599999999994 0.7290220000000001 0.086372 0.047164
12 0.53201 0.35460100000000006 0.086155 0.038484
12 0.613281 0.5136000000000001 0.05816 0.037037
12 0.732856 0.11559600000000003 0.10026 0.041377
12 0.745117 0.25882499999999997 0.083984 0.04485
14 0.23426599999999997 0.09534100000000001 0.042318 0.034433
14 0.33474399999999993 0.505498 0.043186 0.037616
14 0.349718 0.33839699999999995 0.036675 0.035012
14 0.39898 0.653791 0.04145 0.037905
14 0.451823 0.876157 0.041233 0.033565
15 0.854384 0.197627 0.032118 0.058449
16 0.24294700000000002 0.50217 0.035807 0.036169
16 0.290365 0.22540499999999997 0.046875 0.038194
16 0.337565 0.649161 0.042752 0.033275
16 0.418945 0.34635400000000005 0.040148 0.032986
16 0.4474830000000001 0.75217 0.033854 0.036169
16 0.515516 0.759404 0.035807 0.033854
16 0.542101 0.878617 0.046007 0.038484
16 0.597873 0.764902 0.036892 0.033275
17 0.856337 0.31481499999999996 0.026476 0.054398
4 0.24348999999999998 0.855179 0.06033 0.037905
4 0.512912 0.509115 0.059245 0.042535
4 0.583116 0.103877 0.057292 0.037616
4 0.605035 0.24566 0.063368 0.045718
4 0.635525 0.35561299999999996 0.059245 0.038194
4 0.739692 0.522859 0.101345 0.048032
