2 0.36414899999999994 0.064236 0.050637 0.018663
2 0.41710100000000006 0.40701 0.052951 0.021484
2 0.509838 0.466254 0.04919 0.01888
7 0.195168 0.150065 0.024595 0.021918
7 0.15986699999999998 0.709093 0.032118 0.025825
6 0.689959 0.203776 0.026331 0.025608
6 0.49768500000000004 0.40191 0.027199 0.022569
6 0.7443580000000001 0.652561 0.031539 0.022569
6 0.5590280000000001 0.907986 0.034144 0.023003
6 0.48061299999999996 0.913086 0.034722 0.024957
9 0.254051 0.036567 0.03125 0.022786
9 0.773727 0.620551 0.045139 0.020182
9 0.194589 0.624891 0.03559 0.021484
10 0.789786 0.152669 0.038484 0.018446
10 0.777054 0.27615 0.037905 0.028429
10 0.761863 0.398655 0.035301 0.036892
10 0.738715 0.466363 0.024306 0.026476
11 0.649884 0.511827 0.032407 0.027995
11 0.169705 0.96658 0.04485 0.02474
8 0.10894099999999995 0.677951 0.030382 0.03559
3 0.20240199999999997 0.101562 0.032118 0.038194
3 0.30743600000000004 0.10612 0.03559 0.038194
3 0.570023 0.709093 0.039931 0.035807
3 0.15509300000000004 0.753689 0.033565 0.03776
3 0.573785 0.763346 0.037037 0.037543
3 0.14988400000000002 0.802409 0.032986 0.037977
3 0.44719299999999995 0.829644 0.026331 0.038194
3 0.32364000000000004 0.833876 0.03559 0.038411
3 0.14699099999999998 0.85178 0.029514 0.036024
13 0.274884 0.248806 0.036458 0.044488
13 0.33680600000000005 0.715278 0.042824 0.051649
13 0.699508 0.716471 0.033854 0.052734
12 0.5837669999999999 0.158963 0.054688 0.019748
12 0.5179400000000001 0.296441 0.096065 0.020833
12 0.279948 0.463976 0.081887 0.021267
12 0.639323 0.64898 0.076678 0.022786
15 0.184172 0.348633 0.022859 0.041884
15 0.32696800000000004 0.777127 0.027199 0.028646
15 0.5733509999999999 0.819336 0.02691 0.034939
15 0.450087 0.880317 0.025174 0.026259
15 0.14322900000000005 0.900825 0.027199 0.035156
14 0.45543999999999996 0.066298 0.039352 0.02105
14 0.28805000000000003 0.405056 0.050058 0.019314
14 0.40827500000000005 0.465386 0.045139 0.020182
14 0.28993100000000005 0.652344 0.045139 0.019097
17 0.19039399999999995 0.246311 0.026042 0.02474
17 0.447627 0.773546 0.02662 0.026693
16 0.5244500000000001 0.068142 0.032118 0.018229
16 0.601128 0.46799 0.042535 0.01888
16 0.390336 0.652669 0.045718 0.019314
16 0.24681699999999995 0.925781 0.049769 0.020833
5 0.43127899999999997 0.253147 0.027488 0.040582
5 0.792969 0.711589 0.029225 0.052517
5 0.451244 0.726345 0.037905 0.047743
5 0.790799 0.769531 0.031829 0.048177
5 0.697627 0.800781 0.038773 0.050781
5 0.785735 0.829427 0.028646 0.037326
4 0.42881899999999995 0.158637 0.072917 0.019531
4 0.5332749999999999 0.200629 0.076968 0.023655
4 0.34302699999999997 0.294162 0.085359 0.01888
4 0.509404 0.652235 0.069734 0.024089
