3 0.935764 0.36414899999999994 0.018663 0.050637
3 0.59299 0.41710100000000006 0.021484 0.052951
3 0.533746 0.509838 0.01888 0.04919
6 0.849935 0.195168 0.021918 0.024595
6 0.290907 0.15986699999999998 0.025825 0.032118
7 0.796224 0.689959 0.025608 0.026331
7 0.59809 0.49768500000000004 0.022569 0.027199
7 0.34743900000000005 0.7443580000000001 0.022569 0.031539
7 0.09201400000000004 0.5590280000000001 0.023003 0.034144
7 0.08691400000000005 0.48061299999999996 0.024957 0.034722
10 0.963433 0.254051 0.022786 0.03125
10 0.37944900000000004 0.773727 0.020182 0.045139
10 0.375109 0.194589 0.021484 0.03559
11 0.8473310000000001 0.789786 0.018446 0.038484
11 0.72385 0.777054 0.028429 0.037905
11 0.601345 0.761863 0.036892 0.035301
11 0.5336369999999999 0.738715 0.026476 0.024306
8 0.48817299999999997 0.649884 0.027995 0.032407
8 0.033420000000000005 0.169705 0.02474 0.04485
9 0.32204900000000003 0.10894099999999995 0.03559 0.030382
0 0.898438 0.20240199999999997 0.038194 0.032118
0 0.89388 0.30743600000000004 0.038194 0.03559
0 0.290907 0.570023 0.035807 0.039931
0 0.24631099999999995 0.15509300000000004 0.03776 0.033565
0 0.23665400000000003 0.573785 0.037543 0.037037
0 0.19759099999999996 0.14988400000000002 0.037977 0.032986
0 0.17035599999999995 0.44719299999999995 0.038194 0.026331
0 0.16612400000000005 0.32364000000000004 0.038411 0.03559
0 0.14822000000000002 0.14699099999999998 0.036024 0.029514
12 0.751194 0.274884 0.044488 0.036458
12 0.28472200000000003 0.33680600000000005 0.051649 0.042824
12 0.28352900000000003 0.699508 0.052734 0.033854
13 0.841037 0.5837669999999999 0.019748 0.054688
13 0.703559 0.5179400000000001 0.020833 0.096065
13 0.5360240000000001 0.279948 0.021267 0.081887
13 0.35102 0.639323 0.022786 0.076678
14 0.651367 0.184172 0.041884 0.022859
14 0.222873 0.32696800000000004 0.028646 0.027199
14 0.18066400000000005 0.5733509999999999 0.034939 0.02691
14 0.11968299999999998 0.450087 0.026259 0.025174
14 0.09917500000000001 0.14322900000000005 0.035156 0.027199
15 0.933702 0.45543999999999996 0.02105 0.039352
15 0.5949439999999999 0.28805000000000003 0.019314 0.050058
15 0.5346139999999999 0.40827500000000005 0.020182 0.045139
15 0.34765599999999997 0.28993100000000005 0.019097 0.045139
16 0.753689 0.19039399999999995 0.02474 0.026042
16 0.22645400000000004 0.447627 0.026693 0.02662
17 0.931858 0.5244500000000001 0.018229 0.032118
17 0.53201 0.601128 0.01888 0.042535
17 0.34733099999999995 0.390336 0.019314 0.045718
17 0.07421900000000003 0.24681699999999995 0.020833 0.049769
4 0.746853 0.43127899999999997 0.040582 0.027488
4 0.288411 0.792969 0.052517 0.029225
4 0.273655 0.451244 0.047743 0.037905
4 0.23046900000000003 0.790799 0.048177 0.031829
4 0.19921900000000003 0.697627 0.050781 0.038773
4 0.17057299999999997 0.785735 0.037326 0.028646
5 0.841363 0.42881899999999995 0.019531 0.072917
5 0.799371 0.5332749999999999 0.023655 0.076968
5 0.705838 0.34302699999999997 0.01888 0.085359
5 0.347765 0.509404 0.024089 0.069734
