3 0.550058 0.671115 0.038194 0.04362
3 0.10517900000000002 0.666775 0.039641 0.057943
3 0.858507 0.639974 0.043981 0.054253
3 0.854311 0.5502389999999999 0.043692 0.057075
3 0.753762 0.5235460000000001 0.048611 0.061849
3 0.641204 0.516385 0.04456 0.055773
3 0.31293400000000005 0.498047 0.0489 0.042535
3 0.747396 0.433268 0.054977 0.060113
3 0.635706 0.42751700000000004 0.053241 0.063368
3 0.30526600000000004 0.42296 0.050926 0.049479
3 0.41247100000000003 0.40505599999999997 0.054688 0.053602
3 0.41131399999999996 0.32671399999999995 0.050637 0.054036
3 0.414497 0.239583 0.052951 0.053385
3 0.21469899999999997 0.236437 0.049769 0.051866
3 0.06655100000000003 0.224935 0.052083 0.062283
0 0.47048599999999996 0.14116799999999996 0.085069 0.042752
0 0.355035 0.14051599999999997 0.082176 0.03928
0 0.25622100000000003 0.13617599999999996 0.075521 0.038411
0 0.15653899999999998 0.13378900000000005 0.074653 0.039714
7 0.22092 0.44401 0.044271 0.03559
7 0.07740199999999997 0.381402 0.043692 0.029731
7 0.626881 0.34092900000000004 0.042535 0.03559
7 0.625289 0.28168400000000005 0.043403 0.042101
7 0.532407 0.24848099999999995 0.043981 0.038628
7 0.30164900000000006 0.21712200000000004 0.043113 0.034505
7 0.621094 0.210503 0.042535 0.036024
11 0.823495 0.820747 0.069444 0.050347
11 0.384838 0.8193360000000001 0.085648 0.037109
11 0.68099 0.810655 0.061053 0.048394
11 0.28139500000000006 0.808377 0.072049 0.043837
11 0.17635999999999996 0.807617 0.073206 0.050998
11 0.502315 0.8066409999999999 0.068866 0.042101
8 0.05743600000000004 0.708116 0.046007 0.053819
9 0.816985 0.08040400000000003 0.069155 0.048828
10 0.931713 0.6986760000000001 0.060185 0.060113
10 0.910156 0.16992200000000002 0.052373 0.054253
13 0.751881 0.6296660000000001 0.046007 0.088759
13 0.642361 0.604275 0.04919 0.084852
13 0.319589 0.584418 0.041956 0.078559
13 0.09519699999999998 0.572157 0.041667 0.087457
13 0.543837 0.5051 0.057002 0.098307
13 0.417245 0.504883 0.033565 0.076606
13 0.842159 0.26454 0.047743 0.106337
15 0.326244 0.715495 0.04022 0.036892
15 0.850839 0.455295 0.041377 0.042101
15 0.535012 0.408203 0.041088 0.041667
15 0.3003469999999999 0.343641 0.045139 0.049262
15 0.738715 0.34114599999999995 0.045718 0.049479
15 0.07450800000000002 0.31716599999999995 0.038484 0.039714
14 0.6875 0.14409700000000003 0.061343 0.039062
14 0.085503 0.13834599999999997 0.058738 0.03928
17 0.4286749999999999 0.7100690000000001 0.036748 0.042969
17 0.23639999999999994 0.70204 0.041667 0.039931
17 0.319589 0.658312 0.038484 0.043186
17 0.21701400000000004 0.37890599999999997 0.038773 0.039062
17 0.85026 0.372938 0.035012 0.039714
17 0.536458 0.32573799999999997 0.038194 0.043837
17 0.216291 0.30599 0.037905 0.043837
17 0.299913 0.28081599999999995 0.039062 0.03776
17 0.732928 0.23307299999999997 0.042245 0.052083
16 0.579138 0.141602 0.066262 0.037543
5 0.645689 0.702799 0.03559 0.058377
5 0.423177 0.623047 0.044271 0.082465
5 0.22873299999999996 0.621853 0.050637 0.084852
5 0.551215 0.608724 0.042245 0.068576
5 0.226707 0.526367 0.045428 0.07921
5 0.08492500000000003 0.467448 0.041956 0.083333
