1 0.959852 0.400029 0.022569 0.048322
1 0.958442 0.471788 0.019748 0.057581
1 0.957465 0.324653 0.023438 0.053241
1 0.886502 0.411748 0.020399 0.042824
1 0.884115 0.461516 0.021701 0.043981
1 0.8819440000000001 0.516493 0.021701 0.052083
1 0.662326 0.272135 0.021267 0.05816
1 0.655599 0.527778 0.020833 0.050347
1 0.6527780000000001 0.604311 0.022569 0.051215
1 0.607856 0.394965 0.019531 0.049769
1 0.599935 0.681424 0.024523 0.042824
1 0.5347219999999999 0.646557 0.019965 0.050637
1 0.53342 0.728877 0.020399 0.048032
1 0.532118 0.799045 0.021267 0.050637
1 0.41905400000000004 0.446181 0.019097 0.052662
1 0.416667 0.523293 0.020833 0.051794
1 0.36729599999999996 0.547309 0.02105 0.054109
1 0.36273900000000003 0.624711 0.022352 0.059028
1 0.31195700000000004 0.550058 0.020616 0.053819
1 0.30891900000000005 0.631076 0.02322 0.055556
1 0.271593 0.420862 0.023655 0.040799
1 0.20030400000000004 0.647569 0.021701 0.050926
1 0.19954400000000005 0.714988 0.022786 0.050347
1 0.199002 0.791956 0.023438 0.047454
1 0.15353700000000003 0.566696 0.023655 0.041956
1 0.14919700000000002 0.631221 0.026693 0.044271
1 0.09885 0.795862 0.021918 0.047164
1 0.05327700000000002 0.420139 0.018446 0.052083
1 0.02376299999999998 0.803096 0.02322 0.057581
6 0.801866 0.86169 0.019965 0.04456
6 0.765082 0.86386 0.024089 0.037905
7 0.8212889999999999 0.746094 0.02322 0.035012
7 0.737413 0.434172 0.019965 0.037905
7 0.652018 0.777633 0.019314 0.039062
7 0.6504989999999999 0.682581 0.029297 0.027199
7 0.599175 0.760272 0.029514 0.026331
7 0.542535 0.343171 0.021701 0.035301
7 0.5401480000000001 0.414641 0.025608 0.030093
7 0.30360200000000004 0.705874 0.028646 0.024016
7 0.30251700000000004 0.755353 0.022135 0.033854
7 0.299805 0.817853 0.022786 0.033275
7 0.25694399999999995 0.78342 0.021267 0.032118
7 0.14290400000000003 0.813368 0.029731 0.027199
7 0.10861500000000002 0.615307 0.027561 0.032697
7 0.034287999999999985 0.668113 0.024306 0.024884
10 0.98622 0.856192 0.02322 0.045139
10 0.984484 0.235243 0.022352 0.047454
10 0.455187 0.39511 0.030599 0.05353
10 0.44086400000000003 0.85489 0.026693 0.04485
9 0.9410810000000001 0.15625 0.035807 0.034722
9 0.761068 0.168547 0.037326 0.033275
9 0.643338 0.18287 0.020616 0.037037
9 0.5691189999999999 0.164641 0.019314 0.046296
9 0.40581599999999995 0.291233 0.029948 0.047743
9 0.33572 0.300492 0.03342 0.040799
9 0.24967399999999995 0.302951 0.028429 0.037616
9 0.19108099999999995 0.291956 0.037543 0.033565
9 0.14203600000000005 0.300058 0.036241 0.032407
9 0.08930099999999996 0.299045 0.039714 0.033854
8 0.502496 0.238426 0.021484 0.04919
8 0.4949 0.849103 0.031467 0.045428
8 0.030490000000000017 0.383102 0.026693 0.047454
11 0.717773 0.908709 0.038411 0.03559
11 0.391602 0.930556 0.034939 0.042245
0 0.916667 0.222078 0.03559 0.030961
0 0.839735 0.223235 0.042752 0.036169
0 0.680013 0.86603 0.036675 0.033565
0 0.626085 0.87037 0.038194 0.040509
0 0.571615 0.869647 0.036458 0.033275
0 0.22569399999999995 0.879196 0.041667 0.035012
0 0.166667 0.881366 0.040799 0.040509
0 0.11794700000000002 0.884404 0.03928 0.034433
0 0.06846799999999997 0.887153 0.038845 0.034144
13 0.955946 0.738571 0.018663 0.099248
13 0.877713 0.75217 0.020182 0.087095
13 0.819987 0.547309 0.017144 0.087674
13 0.7378469999999999 0.627604 0.021701 0.068287
13 0.613281 0.290509 0.020833 0.081019
13 0.40896299999999997 0.775463 0.021918 0.089699
13 0.36707900000000004 0.45515 0.021484 0.081597
13 0.312717 0.478588 0.020399 0.07581
13 0.264323 0.56467 0.028646 0.081308
13 0.20377599999999996 0.566985 0.020399 0.070312
13 0.158312 0.492188 0.019314 0.070602
13 0.04622400000000004 0.504919 0.019965 0.081019
14 0.916775 0.85706 0.033637 0.02662
14 0.330295 0.876447 0.03342 0.030671
14 0.03385400000000005 0.883247 0.032552 0.032118
15 0.954753 0.261429 0.019748 0.043692
15 0.824761 0.374855 0.019314 0.036169
15 0.735894 0.362413 0.019965 0.044271
15 0.6574439999999999 0.425203 0.019314 0.043692
15 0.536675 0.479022 0.018229 0.042535
15 0.414822 0.606771 0.019314 0.043981
15 0.35818099999999997 0.705874 0.021484 0.042535
15 0.26085100000000006 0.645833 0.018663 0.041667
15 0.16286900000000004 0.379919 0.023655 0.034144
15 0.14637599999999995 0.7011 0.02105 0.042245
15 0.03038200000000002 0.725694 0.021267 0.031829
16 0.852214 0.8614 0.02474 0.028356
16 0.275933 0.878472 0.024523 0.03588
17 0.884006 0.31684 0.021484 0.045718
17 0.822808 0.438513 0.017144 0.043692
17 0.7366539999999999 0.275174 0.019748 0.042245
17 0.659071 0.366753 0.018229 0.042535
17 0.6049260000000001 0.472367 0.019748 0.039062
17 0.6027560000000001 0.539931 0.019314 0.039352
17 0.60102 0.618056 0.019314 0.042824
17 0.537326 0.566985 0.018663 0.047743
17 0.41395400000000004 0.677373 0.019748 0.04456
17 0.35492599999999996 0.798032 0.020616 0.049769
17 0.26117599999999996 0.716291 0.02105 0.041377
17 0.21267400000000003 0.385995 0.019097 0.043981
17 0.16015599999999997 0.429832 0.020399 0.036748
17 0.14518200000000003 0.75434 0.022569 0.041088
17 0.11903200000000003 0.391204 0.022352 0.028935
17 0.10503499999999999 0.671441 0.019097 0.039641
17 0.10297299999999998 0.733073 0.020182 0.041377
5 0.957574 0.595052 0.018446 0.056424
5 0.880208 0.619647 0.021267 0.05816
5 0.8212889999999999 0.64728 0.019314 0.054977
5 0.738173 0.53342 0.021484 0.056424
5 0.736003 0.746817 0.028429 0.106481
5 0.544922 0.277054 0.019097 0.059896
5 0.31814200000000004 0.39077 0.017795 0.0489
5 0.27029099999999995 0.471788 0.021918 0.062789
5 0.20800799999999997 0.458912 0.020616 0.069444
5 0.11469200000000002 0.459057 0.024523 0.05816
5 0.11187100000000005 0.542824 0.02105 0.067708
5 0.039497000000000004 0.593171 0.019531 0.071759
