1 0.8926499999999999 0.414388 0.033565 0.047092
1 0.789352 0.51671 0.034722 0.050347
1 0.11863400000000002 0.590169 0.040509 0.049696
2 0.20355900000000005 0.650282 0.079572 0.035807
2 0.20023100000000005 0.768663 0.072338 0.039931
7 0.37717 0.233832 0.039062 0.027995
7 0.772135 0.429796 0.039062 0.031901
6 0.29701999999999995 0.775065 0.038484 0.021918
9 0.27662 0.128581 0.032407 0.038411
9 0.510127 0.139757 0.055556 0.036024
9 0.745804 0.153103 0.066262 0.031033
9 0.872396 0.174371 0.043403 0.030165
10 0.958044 0.264648 0.038773 0.036675
8 0.062211000000000016 0.714193 0.041088 0.026476
13 0.294705 0.347331 0.043113 0.056641
13 0.56684 0.411784 0.042245 0.101345
13 0.911458 0.660265 0.048032 0.081814
12 0.49059600000000003 0.679688 0.085938 0.03776
15 0.11747700000000005 0.488607 0.034144 0.041016
15 0.900608 0.52398 0.039641 0.053602
15 0.797454 0.655382 0.032986 0.047743
14 0.698206 0.774414 0.079282 0.024089
17 0.887442 0.318359 0.03588 0.046007
17 0.120081 0.411133 0.030093 0.035373
16 0.489873 0.774414 0.061921 0.028429
5 0.37890599999999997 0.399957 0.051794 0.088108
5 0.299913 0.513672 0.04022 0.077691
5 0.5758099999999999 0.600586 0.03588 0.087457
4 0.490162 0.507595 0.082755 0.025174
