1 0.644857 0.543837 0.050998 0.076678
1 0.642578 0.659722 0.046441 0.070023
1 0.49229599999999996 0.404514 0.042752 0.075231
1 0.34136299999999997 0.395255 0.044705 0.071181
1 0.13216099999999997 0.579572 0.048611 0.081019
1 0.129123 0.474392 0.044271 0.075521
1 0.12586799999999998 0.369647 0.042969 0.073785
6 0.849935 0.773872 0.037109 0.046586
6 0.624023 0.23423 0.040148 0.049479
6 0.531141 0.22555 0.038845 0.047743
7 0.13954 0.680845 0.041667 0.054398
9 0.15549000000000002 0.127315 0.053168 0.056713
8 0.07400200000000001 0.750579 0.040799 0.061921
11 0.888997 0.842593 0.046224 0.038194
11 0.18391900000000005 0.857205 0.048828 0.044271
12 0.728082 0.784288 0.090278 0.052373
13 0.796875 0.641059 0.041233 0.109664
13 0.357422 0.650029 0.050347 0.1114
14 0.30143200000000003 0.793113 0.049913 0.045718
15 0.6452910000000001 0.42202 0.034939 0.06684
15 0.492622 0.294705 0.029948 0.063368
15 0.344835 0.520399 0.036892 0.061632
15 0.11979200000000001 0.264034 0.037326 0.062211
16 0.42447900000000005 0.78776 0.052517 0.040799
16 0.25032600000000005 0.20761 0.054905 0.048322
17 0.493598 0.523582 0.031901 0.066262
4 0.5702039999999999 0.787616 0.090061 0.052083
5 0.910373 0.648872 0.034288 0.102141
5 0.90549 0.521991 0.035373 0.102431
5 0.897352 0.393953 0.034722 0.087095
5 0.792643 0.458767 0.04579 0.095775
5 0.498155 0.627894 0.04796 0.096065
