0 0.328885 0.44994199999999995 0.04362 0.038194
0 0.333225 0.894821 0.057943 0.039641
0 0.36002599999999996 0.14149299999999998 0.054253 0.043981
0 0.4497610000000001 0.14568899999999996 0.057075 0.043692
0 0.47645399999999993 0.24623799999999996 0.061849 0.048611
0 0.483615 0.358796 0.055773 0.04456
0 0.501953 0.687066 0.042535 0.0489
0 0.566732 0.25260400000000005 0.060113 0.054977
0 0.572483 0.364294 0.063368 0.053241
0 0.57704 0.694734 0.049479 0.050926
0 0.594944 0.587529 0.053602 0.054688
0 0.673286 0.588686 0.054036 0.050637
0 0.760417 0.585503 0.053385 0.052951
0 0.763563 0.785301 0.051866 0.049769
0 0.775065 0.933449 0.062283 0.052083
3 0.858832 0.529514 0.042752 0.085069
3 0.859484 0.644965 0.03928 0.082176
3 0.863824 0.743779 0.038411 0.075521
3 0.866211 0.843461 0.039714 0.074653
6 0.55599 0.77908 0.03559 0.044271
6 0.618598 0.922598 0.029731 0.043692
6 0.659071 0.373119 0.03559 0.042535
6 0.718316 0.374711 0.042101 0.043403
6 0.751519 0.46759300000000004 0.038628 0.043981
6 0.782878 0.6983509999999999 0.034505 0.043113
6 0.789497 0.37890599999999997 0.036024 0.042535
8 0.179253 0.17650500000000002 0.050347 0.069444
8 0.18066399999999994 0.615162 0.037109 0.085648
8 0.18934499999999999 0.31901 0.048394 0.061053
8 0.191623 0.7186049999999999 0.043837 0.072049
8 0.19238299999999997 0.82364 0.050998 0.073206
8 0.19335900000000006 0.49768500000000004 0.042101 0.068866
11 0.29188400000000003 0.942564 0.053819 0.046007
10 0.919596 0.18301500000000004 0.048828 0.069155
9 0.3013239999999999 0.06828699999999999 0.060113 0.060185
9 0.830078 0.08984400000000003 0.054253 0.052373
12 0.37033399999999994 0.24811899999999998 0.088759 0.046007
12 0.395725 0.35763900000000004 0.084852 0.04919
12 0.415582 0.680411 0.078559 0.041956
12 0.427843 0.904803 0.087457 0.041667
12 0.4949 0.456163 0.098307 0.057002
12 0.49511700000000003 0.582755 0.076606 0.033565
12 0.73546 0.157841 0.106337 0.047743
14 0.284505 0.673756 0.036892 0.04022
14 0.544705 0.149161 0.042101 0.041377
14 0.591797 0.46498799999999996 0.041667 0.041088
14 0.656359 0.6996530000000001 0.049262 0.045139
14 0.658854 0.261285 0.049479 0.045718
14 0.682834 0.925492 0.039714 0.038484
15 0.855903 0.3125 0.039062 0.061343
15 0.861654 0.914497 0.03928 0.058738
16 0.28993099999999994 0.5713250000000001 0.042969 0.036748
16 0.29796 0.7636000000000001 0.039931 0.041667
16 0.341688 0.680411 0.043186 0.038484
16 0.621094 0.782986 0.039062 0.038773
16 0.627062 0.14973999999999998 0.039714 0.035012
16 0.674262 0.463542 0.043837 0.038194
16 0.69401 0.783709 0.043837 0.037905
16 0.719184 0.700087 0.03776 0.039062
16 0.766927 0.267072 0.052083 0.042245
17 0.858398 0.42086199999999996 0.037543 0.066262
4 0.29720100000000005 0.35431100000000004 0.058377 0.03559
4 0.376953 0.576823 0.082465 0.044271
4 0.378147 0.771267 0.084852 0.050637
4 0.39127599999999996 0.448785 0.068576 0.042245
4 0.47363299999999997 0.773293 0.07921 0.045428
4 0.532552 0.915075 0.083333 0.041956
