1 0.550058 0.328885 0.038194 0.04362
1 0.10517900000000002 0.333225 0.039641 0.057943
1 0.858507 0.36002599999999996 0.043981 0.054253
1 0.854311 0.4497610000000001 0.043692 0.057075
1 0.753762 0.47645399999999993 0.048611 0.061849
1 0.641204 0.483615 0.04456 0.055773
1 0.31293400000000005 0.501953 0.0489 0.042535
1 0.747396 0.566732 0.054977 0.060113
1 0.635706 0.572483 0.053241 0.063368
1 0.30526600000000004 0.57704 0.050926 0.049479
1 0.41247100000000003 0.594944 0.054688 0.053602
1 0.41131399999999996 0.673286 0.050637 0.054036
1 0.414497 0.760417 0.052951 0.053385
1 0.21469899999999997 0.763563 0.049769 0.051866
1 0.06655100000000003 0.775065 0.052083 0.062283
0 0.47048599999999996 0.858832 0.085069 0.042752
0 0.355035 0.859484 0.082176 0.03928
0 0.25622100000000003 0.863824 0.075521 0.038411
0 0.15653899999999998 0.866211 0.074653 0.039714
7 0.22092 0.55599 0.044271 0.03559
7 0.07740199999999997 0.618598 0.043692 0.029731
7 0.626881 0.659071 0.042535 0.03559
7 0.625289 0.718316 0.043403 0.042101
7 0.532407 0.751519 0.043981 0.038628
7 0.30164900000000006 0.782878 0.043113 0.034505
7 0.621094 0.789497 0.042535 0.036024
9 0.823495 0.179253 0.069444 0.050347
9 0.384838 0.18066399999999994 0.085648 0.037109
9 0.68099 0.18934499999999999 0.061053 0.048394
9 0.28139500000000006 0.191623 0.072049 0.043837
9 0.17635999999999996 0.19238299999999997 0.073206 0.050998
9 0.502315 0.19335900000000006 0.068866 0.042101
8 0.05743600000000004 0.29188400000000003 0.046007 0.053819
11 0.816985 0.919596 0.069155 0.048828
10 0.931713 0.3013239999999999 0.060185 0.060113
10 0.910156 0.830078 0.052373 0.054253
13 0.751881 0.37033399999999994 0.046007 0.088759
13 0.642361 0.395725 0.04919 0.084852
13 0.319589 0.415582 0.041956 0.078559
13 0.09519699999999998 0.427843 0.041667 0.087457
13 0.543837 0.4949 0.057002 0.098307
13 0.417245 0.49511700000000003 0.033565 0.076606
13 0.842159 0.73546 0.047743 0.106337
15 0.326244 0.284505 0.04022 0.036892
15 0.850839 0.544705 0.041377 0.042101
15 0.535012 0.591797 0.041088 0.041667
15 0.3003469999999999 0.656359 0.045139 0.049262
15 0.738715 0.658854 0.045718 0.049479
15 0.07450800000000002 0.682834 0.038484 0.039714
14 0.6875 0.855903 0.061343 0.039062
14 0.085503 0.861654 0.058738 0.03928
17 0.4286749999999999 0.28993099999999994 0.036748 0.042969
17 0.23639999999999994 0.29796 0.041667 0.039931
17 0.319589 0.341688 0.038484 0.043186
17 0.21701400000000004 0.621094 0.038773 0.039062
17 0.85026 0.627062 0.035012 0.039714
17 0.536458 0.674262 0.038194 0.043837
17 0.216291 0.69401 0.037905 0.043837
17 0.299913 0.719184 0.039062 0.03776
17 0.732928 0.766927 0.042245 0.052083
16 0.579138 0.858398 0.066262 0.037543
5 0.645689 0.29720100000000005 0.03559 0.058377
5 0.423177 0.376953 0.044271 0.082465
5 0.22873299999999996 0.378147 0.050637 0.084852
5 0.551215 0.39127599999999996 0.042245 0.068576
5 0.226707 0.47363299999999997 0.045428 0.07921
5 0.08492500000000003 0.532552 0.041956 0.083333
