3 0.943793 0.5991029999999999 0.023872 0.05353
3 0.933485 0.36328099999999997 0.024957 0.065683
3 0.93099 0.26114000000000004 0.025174 0.07147
3 0.864583 0.25115699999999996 0.02474 0.054398
3 0.832465 0.655816 0.020399 0.055845
3 0.771918 0.546152 0.021701 0.055266
3 0.765299 0.337963 0.024523 0.054977
3 0.764865 0.24768500000000004 0.023655 0.054398
3 0.6372610000000001 0.6843170000000001 0.022786 0.045139
3 0.6336809999999999 0.6205149999999999 0.023003 0.057581
3 0.590712 0.440538 0.027344 0.059317
3 0.5902780000000001 0.34331599999999995 0.022135 0.055845
3 0.554253 0.688079 0.022135 0.048611
3 0.533963 0.350839 0.024089 0.055266
3 0.426215 0.721788 0.02908 0.050058
3 0.40787799999999996 0.387008 0.021918 0.059317
3 0.34733099999999995 0.6649309999999999 0.025391 0.058449
3 0.31304299999999996 0.224248 0.026693 0.052662
3 0.24240499999999998 0.657841 0.024306 0.047164
3 0.237522 0.599537 0.022786 0.042824
3 0.23404899999999995 0.530816 0.024089 0.055845
3 0.17111500000000002 0.34360500000000005 0.022352 0.046586
3 0.16623299999999996 0.28139499999999995 0.02474 0.038484
3 0.16015599999999997 0.221209 0.020833 0.042535
3 0.10731299999999999 0.23336199999999996 0.026259 0.05353
3 0.06608099999999995 0.416377 0.022352 0.052662
3 0.06304299999999996 0.34809 0.024957 0.058449
6 0.703016 0.18113400000000002 0.026259 0.033565
6 0.6640619999999999 0.18142400000000003 0.027344 0.035301
7 0.686957 0.25434 0.021484 0.035301
7 0.5881080000000001 0.24551500000000004 0.023003 0.042535
7 0.531141 0.26056100000000004 0.029731 0.041377
10 0.974609 0.553096 0.027344 0.048322
10 0.966037 0.193287 0.027561 0.050347
10 0.45084599999999997 0.427373 0.032335 0.050347
10 0.42513 0.173466 0.029514 0.058738
11 0.922201 0.796296 0.039714 0.03588
11 0.8089189999999999 0.807292 0.031901 0.041088
11 0.671115 0.770544 0.034939 0.041088
11 0.581055 0.779369 0.034071 0.034433
11 0.422635 0.834491 0.035373 0.038773
11 0.33799900000000005 0.815972 0.034071 0.042824
8 0.507595 0.575376 0.03125 0.055266
8 0.488607 0.30569999999999997 0.035807 0.051794
8 0.480035 0.20934600000000003 0.038628 0.057581
8 0.035155999999999965 0.7099249999999999 0.037326 0.051794
9 0.915365 0.11646400000000001 0.039497 0.034433
9 0.641602 0.120081 0.036675 0.041667
0 0.7932939999999999 0.177662 0.035807 0.037616
0 0.7432730000000001 0.17722800000000005 0.03776 0.03559
0 0.33875900000000003 0.148003 0.042535 0.046007
0 0.27983899999999995 0.14453099999999997 0.045356 0.034433
0 0.21647099999999997 0.751736 0.035807 0.034722
0 0.16200099999999995 0.749421 0.029731 0.040509
0 0.127062 0.14467600000000003 0.044054 0.037037
0 0.10514299999999999 0.753617 0.030165 0.037905
12 0.740885 0.728154 0.050781 0.028646
12 0.385417 0.762731 0.050781 0.035301
13 0.9483509999999999 0.681713 0.02691 0.078125
13 0.877062 0.45023100000000005 0.026259 0.078704
13 0.814562 0.407697 0.02105 0.082176
13 0.777886 0.697338 0.01671 0.050926
13 0.690647 0.475839 0.02322 0.078993
13 0.629015 0.427083 0.020616 0.079861
13 0.598741 0.632957 0.020833 0.073206
13 0.41601600000000005 0.568721 0.02691 0.074942
13 0.32573799999999997 0.41232599999999997 0.03125 0.075231
13 0.21712200000000004 0.24956599999999995 0.021918 0.079572
13 0.19010400000000005 0.526186 0.027778 0.083623
13 0.12250399999999995 0.454716 0.022352 0.078414
13 0.07226600000000005 0.49349 0.021701 0.069155
14 0.887695 0.18098999999999998 0.028863 0.032118
14 0.611003 0.17144099999999995 0.032335 0.028646
14 0.31108899999999995 0.754485 0.037543 0.032118
14 0.23296399999999995 0.14699099999999998 0.035807 0.029514
14 0.07888499999999998 0.14192700000000003 0.033203 0.026331
15 0.939996 0.5225690000000001 0.024523 0.04456
15 0.870768 0.368634 0.019748 0.041088
17 0.869575 0.321615 0.020833 0.037905
15 0.813477 0.24956599999999995 0.01888 0.037905
15 0.769965 0.47048599999999996 0.023872 0.045139
15 0.689345 0.383536 0.021918 0.041956
15 0.6283639999999999 0.33072900000000005 0.020182 0.041088
15 0.549371 0.611834 0.024089 0.042535
15 0.40332 0.30034700000000003 0.021484 0.042245
15 0.335503 0.58724 0.023872 0.047743
15 0.199978 0.688802 0.021918 0.041956
15 0.11914100000000005 0.36284700000000003 0.021701 0.038773
15 0.05729200000000001 0.27184600000000003 0.022135 0.04022
16 0.841254 0.17722800000000005 0.030599 0.028067
16 0.571615 0.16796900000000003 0.02691 0.028646
16 0.27235200000000004 0.7520249999999999 0.033854 0.037037
16 0.18077299999999996 0.148582 0.024306 0.03559
17 0.935655 0.453125 0.027561 0.046875
15 0.889865 0.688802 0.021484 0.037905
17 0.88661 0.62934 0.022786 0.046296
17 0.829102 0.5925929999999999 0.021918 0.039352
17 0.813694 0.315538 0.019314 0.044271
17 0.765516 0.41189200000000004 0.024957 0.044271
17 0.700412 0.6508970000000001 0.024957 0.042535
17 0.688477 0.322627 0.021918 0.041667
17 0.627713 0.267795 0.022352 0.042535
17 0.54503 0.540509 0.021918 0.041088
17 0.418728 0.645833 0.021484 0.039931
17 0.399957 0.22714100000000004 0.020833 0.045139
17 0.330187 0.5133099999999999 0.027127 0.046875
17 0.230143 0.45240199999999997 0.020616 0.044271
17 0.19357599999999997 0.6226849999999999 0.021701 0.04919
17 0.137695 0.642361 0.026693 0.043403
17 0.11393200000000003 0.298177 0.023003 0.044271
17 0.08083799999999997 0.639323 0.022786 0.04022
17 0.05316799999999999 0.210503 0.023003 0.043692
5 0.881293 0.553241 0.020833 0.066551
5 0.821398 0.5111399999999999 0.019097 0.069155
5 0.7743059999999999 0.6303529999999999 0.022135 0.063368
5 0.696832 0.578559 0.022135 0.069155
5 0.6306419999999999 0.5322629999999999 0.022135 0.069155
5 0.595161 0.540509 0.022352 0.0625
5 0.540365 0.45789899999999994 0.028212 0.078993
5 0.41113299999999997 0.480035 0.025825 0.074074
5 0.31857599999999997 0.315538 0.02691 0.080729
5 0.22547700000000004 0.36053199999999996 0.023003 0.074074
5 0.18316 0.428964 0.023872 0.078993
5 0.13259500000000002 0.558883 0.024306 0.065104
5 0.07606299999999999 0.5791379999999999 0.02105 0.059317
