3 0.640336 0.7597659999999999 0.04456 0.050347
3 0.09129100000000001 0.698242 0.041377 0.054036
3 0.7413190000000001 0.630968 0.041667 0.04796
3 0.09114599999999995 0.619792 0.039352 0.052517
3 0.22526000000000002 0.611003 0.033275 0.035373
3 0.23249399999999998 0.5558810000000001 0.036748 0.04145
3 0.09751200000000004 0.545247 0.045139 0.055339
3 0.24030700000000005 0.500109 0.041377 0.046658
3 0.660012 0.4949 0.039352 0.053168
3 0.669994 0.41645 0.041377 0.046441
3 0.886863 0.374023 0.041088 0.053168
3 0.767795 0.339627 0.039062 0.042969
3 0.893519 0.28993100000000005 0.041088 0.045573
3 0.901042 0.21918400000000005 0.045139 0.049045
2 0.30468799999999996 0.809462 0.067708 0.03776
2 0.162037 0.808268 0.058449 0.035373
2 0.833333 0.14409700000000003 0.067708 0.040799
2 0.6306419999999999 0.14366299999999999 0.069734 0.045139
2 0.733507 0.14225299999999996 0.070602 0.042318
7 0.8641490000000001 0.689019 0.04022 0.039497
7 0.869502 0.6139319999999999 0.037616 0.034288
7 0.5053529999999999 0.5879989999999999 0.035012 0.037109
7 0.6772279999999999 0.334635 0.04022 0.03342
7 0.362992 0.262695 0.042535 0.033637
7 0.775318 0.25672700000000004 0.045428 0.037326
7 0.6807000000000001 0.23763 0.038484 0.035156
6 0.407118 0.14626700000000004 0.043403 0.040365
6 0.47497100000000003 0.14529099999999995 0.045428 0.036675
11 0.114873 0.877062 0.050926 0.046224
11 0.813368 0.872613 0.050347 0.042101
11 0.45384800000000003 0.867405 0.054688 0.038628
11 0.671152 0.852648 0.050637 0.039062
10 0.934028 0.799588 0.050926 0.051432
10 0.972367 0.16623299999999996 0.050058 0.055122
9 0.566117 0.09754799999999997 0.058738 0.042752
8 0.04340299999999997 0.793945 0.036458 0.044054
8 0.07175900000000002 0.14681 0.051505 0.043186
13 0.7290220000000001 0.7402340000000001 0.047164 0.086372
13 0.35460100000000006 0.46799 0.038484 0.086155
13 0.5136000000000001 0.38671900000000003 0.037037 0.05816
13 0.11559600000000003 0.26714400000000005 0.041377 0.10026
13 0.25882499999999997 0.25488299999999997 0.04485 0.083984
15 0.09534100000000001 0.765734 0.034433 0.042318
15 0.505498 0.6652560000000001 0.037616 0.043186
15 0.33839699999999995 0.650282 0.035012 0.036675
15 0.653791 0.60102 0.037905 0.04145
15 0.876157 0.548177 0.033565 0.041233
14 0.197627 0.14561599999999997 0.058449 0.032118
17 0.50217 0.757053 0.036169 0.035807
17 0.22540499999999997 0.709635 0.038194 0.046875
17 0.649161 0.662435 0.033275 0.042752
17 0.34635400000000005 0.581055 0.032986 0.040148
17 0.75217 0.5525169999999999 0.036169 0.033854
17 0.759404 0.484484 0.033854 0.035807
17 0.878617 0.45789899999999994 0.038484 0.046007
17 0.764902 0.402127 0.033275 0.036892
16 0.31481499999999996 0.14366299999999999 0.054398 0.026476
5 0.855179 0.75651 0.037905 0.06033
5 0.509115 0.48708799999999997 0.042535 0.059245
5 0.103877 0.41688400000000003 0.037616 0.057292
5 0.24566 0.394965 0.045718 0.063368
5 0.35561299999999996 0.364475 0.038194 0.059245
5 0.522859 0.260308 0.048032 0.101345
