1 0.359664 0.24023400000000006 0.04456 0.050347
1 0.908709 0.30175799999999997 0.041377 0.054036
1 0.25868099999999994 0.369032 0.041667 0.04796
1 0.908854 0.380208 0.039352 0.052517
1 0.77474 0.38899700000000004 0.033275 0.035373
1 0.767506 0.44411899999999993 0.036748 0.04145
1 0.902488 0.45475299999999996 0.045139 0.055339
1 0.759693 0.499891 0.041377 0.046658
1 0.33998799999999996 0.5051 0.039352 0.053168
1 0.330006 0.58355 0.041377 0.046441
1 0.11313700000000004 0.625977 0.041088 0.053168
1 0.232205 0.660373 0.039062 0.042969
1 0.10648100000000005 0.710069 0.041088 0.045573
1 0.09895799999999999 0.780816 0.045139 0.049045
0 0.695312 0.19053799999999999 0.067708 0.03776
0 0.837963 0.191732 0.058449 0.035373
0 0.166667 0.855903 0.067708 0.040799
0 0.3693580000000001 0.856337 0.069734 0.045139
0 0.266493 0.857747 0.070602 0.042318
7 0.13585099999999994 0.31098099999999995 0.04022 0.039497
7 0.130498 0.3860680000000001 0.037616 0.034288
7 0.49464700000000006 0.41200100000000006 0.035012 0.037109
7 0.32277200000000006 0.665365 0.04022 0.03342
7 0.637008 0.737305 0.042535 0.033637
7 0.22468200000000005 0.743273 0.045428 0.037326
7 0.3192999999999999 0.76237 0.038484 0.035156
6 0.592882 0.853733 0.043403 0.040365
6 0.525029 0.854709 0.045428 0.036675
9 0.885127 0.12293799999999999 0.050926 0.046224
9 0.18663200000000002 0.12738700000000003 0.050347 0.042101
9 0.546152 0.13259500000000002 0.054688 0.038628
9 0.32884800000000003 0.14735200000000004 0.050637 0.039062
8 0.06597200000000003 0.20041200000000003 0.050926 0.051432
8 0.02763300000000002 0.833767 0.050058 0.055122
11 0.433883 0.902452 0.058738 0.042752
10 0.956597 0.206055 0.036458 0.044054
10 0.928241 0.85319 0.051505 0.043186
13 0.27097799999999994 0.25976599999999994 0.047164 0.086372
13 0.645399 0.53201 0.038484 0.086155
13 0.48639999999999994 0.613281 0.037037 0.05816
13 0.884404 0.732856 0.041377 0.10026
13 0.741175 0.745117 0.04485 0.083984
15 0.904659 0.23426599999999997 0.034433 0.042318
15 0.494502 0.33474399999999993 0.037616 0.043186
15 0.661603 0.349718 0.035012 0.036675
15 0.346209 0.39898 0.037905 0.04145
15 0.12384300000000004 0.451823 0.033565 0.041233
14 0.802373 0.854384 0.058449 0.032118
17 0.49783 0.24294700000000002 0.036169 0.035807
17 0.774595 0.290365 0.038194 0.046875
17 0.350839 0.337565 0.033275 0.042752
17 0.653646 0.418945 0.032986 0.040148
17 0.24783 0.4474830000000001 0.036169 0.033854
17 0.24059600000000003 0.515516 0.033854 0.035807
17 0.12138300000000002 0.542101 0.038484 0.046007
17 0.23509800000000003 0.597873 0.033275 0.036892
16 0.685185 0.856337 0.054398 0.026476
5 0.14482099999999998 0.24348999999999998 0.037905 0.06033
5 0.490885 0.512912 0.042535 0.059245
5 0.896123 0.583116 0.037616 0.057292
5 0.75434 0.605035 0.045718 0.063368
5 0.644387 0.635525 0.038194 0.059245
5 0.47714100000000004 0.739692 0.048032 0.101345
