2 0.456163 0.644857 0.076678 0.050998
2 0.34027799999999997 0.642578 0.070023 0.046441
2 0.595486 0.49229599999999996 0.075231 0.042752
2 0.604745 0.34136299999999997 0.071181 0.044705
2 0.420428 0.13216099999999997 0.081019 0.048611
2 0.5256080000000001 0.129123 0.075521 0.044271
2 0.6303529999999999 0.12586799999999998 0.073785 0.042969
7 0.226128 0.849935 0.046586 0.037109
7 0.7657700000000001 0.624023 0.049479 0.040148
7 0.77445 0.531141 0.047743 0.038845
6 0.31915499999999997 0.13954 0.054398 0.041667
10 0.8726849999999999 0.15549000000000002 0.056713 0.053168
9 0.249421 0.07400200000000001 0.061921 0.040799
8 0.15740699999999996 0.888997 0.038194 0.046224
8 0.142795 0.18391900000000005 0.044271 0.048828
13 0.21571200000000001 0.728082 0.052373 0.090278
12 0.35894099999999995 0.796875 0.109664 0.041233
12 0.34997100000000003 0.357422 0.1114 0.050347
15 0.20688700000000004 0.30143200000000003 0.045718 0.049913
14 0.5779799999999999 0.6452910000000001 0.06684 0.034939
14 0.705295 0.492622 0.063368 0.029948
14 0.47960100000000006 0.344835 0.061632 0.036892
14 0.735966 0.11979200000000001 0.062211 0.037326
17 0.21223999999999998 0.42447900000000005 0.040799 0.052517
17 0.79239 0.25032600000000005 0.048322 0.054905
16 0.476418 0.493598 0.066262 0.031901
5 0.21238400000000002 0.5702039999999999 0.052083 0.090061
4 0.351128 0.910373 0.102141 0.034288
4 0.478009 0.90549 0.102431 0.035373
4 0.606047 0.897352 0.087095 0.034722
4 0.5412330000000001 0.792643 0.095775 0.04579
4 0.37210600000000005 0.498155 0.096065 0.04796
