0 0.49012600000000006 0.19748299999999996 0.064453 0.050058
0 0.690647 0.38440399999999997 0.07921 0.041377
6 0.709961 0.20225700000000002 0.049696 0.050926
6 0.815104 0.374421 0.040799 0.041667
7 0.374132 0.684751 0.036024 0.059317
7 0.560764 0.451534 0.059462 0.044271
8 0.3526480000000001 0.18547499999999995 0.051215 0.06713
11 0.518446 0.906539 0.042101 0.054398
10 0.641276 0.8145249999999999 0.046007 0.083333
12 0.448025 0.799479 0.077474 0.054977
12 0.604275 0.20167800000000002 0.104384 0.056134
13 0.566298 0.533854 0.035373 0.087384
13 0.569227 0.66276 0.034288 0.090567
15 0.39312100000000005 0.436053 0.029297 0.084491
16 0.830729 0.19126200000000004 0.06684 0.056134
17 0.38368099999999994 0.564959 0.046441 0.096354
5 0.88878 0.10185200000000005 0.041016 0.108796
