3 0.22135400000000005 0.5879989999999999 0.046296 0.066189
3 0.40943300000000005 0.390516 0.039931 0.075304
7 0.22757499999999997 0.37348099999999995 0.051215 0.046875
7 0.397714 0.26888 0.051794 0.050781
6 0.7032700000000001 0.705187 0.048322 0.038845
6 0.47338 0.523112 0.052083 0.057075
11 0.21035899999999996 0.724067 0.064236 0.051432
10 0.926939 0.563368 0.044271 0.045139
9 0.835359 0.44086400000000003 0.071759 0.049262
13 0.817419 0.6307510000000001 0.053241 0.0727
13 0.22627299999999995 0.475803 0.053241 0.102214
12 0.5558449999999999 0.514648 0.091435 0.032769
12 0.6807000000000001 0.5102 0.08941 0.035156
14 0.456453 0.686523 0.081308 0.029297
17 0.21802699999999997 0.25347200000000003 0.057002 0.065104
16 0.584057 0.693685 0.097512 0.047526
4 0.13180000000000003 0.19672299999999998 0.110243 0.038411
