7 0.776476 0.775933 0.041956 0.041884
7 0.548322 0.6049260000000001 0.068287 0.041016
6 0.229167 0.546984 0.048611 0.042318
6 0.36414900000000006 0.42675799999999997 0.0489 0.039714
11 0.588976 0.929145 0.0489 0.039714
8 0.43981500000000007 0.860786 0.05787 0.054905
10 0.811343 0.420898 0.06713 0.052734
13 0.529514 0.754557 0.043981 0.06901
13 0.537905 0.664605 0.049769 0.064019
12 0.679109 0.8546009999999999 0.102431 0.03776
12 0.498409 0.42740900000000004 0.137442 0.040582
15 0.762008 0.597656 0.037905 0.059028
17 0.770399 0.689562 0.052373 0.064453
16 0.21194999999999997 0.418837 0.084201 0.039062
2 0.385127 0.5569660000000001 0.094907 0.030165
2 0.639902 0.428385 0.083623 0.038194
5 0.14351899999999995 0.355252 0.051505 0.080729
