3 0.802517 0.5098739999999999 0.050058 0.064453
3 0.615596 0.309353 0.041377 0.07921
7 0.797743 0.29003900000000005 0.050926 0.049696
7 0.625579 0.18489599999999995 0.041667 0.040799
6 0.315249 0.625868 0.059317 0.036024
6 0.548466 0.43923599999999996 0.044271 0.059462
11 0.814525 0.6473519999999999 0.06713 0.051215
8 0.09346100000000002 0.48155400000000004 0.054398 0.042101
9 0.18547500000000006 0.35872400000000004 0.083333 0.046007
13 0.20052099999999995 0.551975 0.054977 0.077474
13 0.798322 0.395725 0.056134 0.104384
12 0.46614599999999995 0.43370200000000003 0.087384 0.035373
12 0.33724 0.43077299999999996 0.090567 0.034288
14 0.563947 0.606879 0.084491 0.029297
17 0.808738 0.16927099999999995 0.056134 0.06684
16 0.435041 0.6163190000000001 0.096354 0.046441
4 0.898148 0.11121999999999999 0.108796 0.041016
