6 0.22406700000000002 0.22352399999999994 0.041884 0.041956
6 0.3950739999999999 0.451678 0.041016 0.068287
7 0.453016 0.770833 0.042318 0.048611
7 0.573242 0.6358509999999999 0.039714 0.0489
8 0.070855 0.41102399999999994 0.039714 0.0489
11 0.13921399999999995 0.5601849999999999 0.054905 0.05787
9 0.579102 0.18865699999999996 0.052734 0.06713
12 0.24544299999999997 0.47048599999999996 0.06901 0.043981
12 0.335395 0.46209500000000003 0.064019 0.049769
13 0.14539900000000006 0.32089100000000004 0.03776 0.102431
13 0.572591 0.501591 0.040582 0.137442
14 0.40234400000000003 0.23799199999999998 0.059028 0.037905
16 0.310438 0.22960100000000006 0.064453 0.052373
17 0.581163 0.78805 0.039062 0.084201
1 0.44303399999999993 0.614873 0.030165 0.094907
1 0.571615 0.36009800000000003 0.038194 0.083623
4 0.644748 0.856481 0.080729 0.051505
