6 0.224067 0.776476 0.041884 0.041956
6 0.395074 0.548322 0.041016 0.068287
7 0.453016 0.229167 0.042318 0.048611
7 0.573242 0.364149 0.039714 0.0489
8 0.070855 0.588976 0.039714 0.0489
9 0.139214 0.439815 0.054905 0.05787
11 0.579102 0.811343 0.052734 0.06713
12 0.245443 0.529514 0.06901 0.043981
12 0.335395 0.537905 0.064019 0.049769
13 0.145399 0.679109 0.03776 0.102431
13 0.572591 0.498409 0.040582 0.137442
14 0.402344 0.762008 0.059028 0.037905
16 0.310438 0.770399 0.064453 0.052373
17 0.581163 0.21195 0.039062 0.084201
3 0.443034 0.385127 0.030165 0.094907
3 0.571615 0.639902 0.038194 0.083623
4 0.644748 0.143519 0.080729 0.051505
