7 0.22352399999999994 0.775933 0.041956 0.041884
7 0.451678 0.6049260000000001 0.068287 0.041016
6 0.770833 0.546984 0.048611 0.042318
6 0.6358509999999999 0.42675799999999997 0.0489 0.039714
11 0.41102399999999994 0.929145 0.0489 0.039714
10 0.5601849999999999 0.860786 0.05787 0.054905
8 0.18865699999999996 0.420898 0.06713 0.052734
13 0.47048599999999996 0.754557 0.043981 0.06901
13 0.46209500000000003 0.664605 0.049769 0.064019
12 0.32089100000000004 0.8546009999999999 0.102431 0.03776
12 0.501591 0.42740900000000004 0.137442 0.040582
15 0.23799199999999998 0.597656 0.037905 0.059028
17 0.22960100000000006 0.689562 0.052373 0.064453
16 0.78805 0.418837 0.084201 0.039062
0 0.614873 0.5569660000000001 0.094907 0.030165
0 0.36009800000000003 0.428385 0.083623 0.038194
5 0.856481 0.355252 0.051505 0.080729
