3 0.778646 0.5879989999999999 0.046296 0.066189
3 0.590567 0.390516 0.039931 0.075304
7 0.772425 0.37348099999999995 0.051215 0.046875
7 0.602286 0.26888 0.051794 0.050781
6 0.29672999999999994 0.705187 0.048322 0.038845
6 0.52662 0.523112 0.052083 0.057075
11 0.789641 0.724067 0.064236 0.051432
8 0.07306100000000004 0.563368 0.044271 0.045139
9 0.16464100000000004 0.44086400000000003 0.071759 0.049262
13 0.182581 0.6307510000000001 0.053241 0.0727
13 0.773727 0.475803 0.053241 0.102214
12 0.4441550000000001 0.514648 0.091435 0.032769
12 0.3192999999999999 0.5102 0.08941 0.035156
14 0.543547 0.686523 0.081308 0.029297
17 0.781973 0.25347200000000003 0.057002 0.065104
16 0.41594299999999995 0.693685 0.097512 0.047526
4 0.8682 0.19672299999999998 0.110243 0.038411
