0 0.28081599999999995 0.25868100000000005 0.066406 0.058449
0 0.48611099999999996 0.450955 0.074219 0.037905
6 0.504774 0.265336 0.044705 0.053241
6 0.607964 0.43865699999999996 0.041016 0.046875
7 0.17860200000000004 0.7455149999999999 0.036458 0.050637
7 0.35774700000000004 0.515914 0.058811 0.045718
8 0.13878000000000001 0.24536999999999998 0.052734 0.06713
11 0.3236760000000001 0.948061 0.041016 0.050637
10 0.43967 0.863137 0.046007 0.066551
12 0.2544489999999999 0.852286 0.078776 0.047164
12 0.39648400000000006 0.264034 0.103299 0.058738
13 0.36339 0.5972219999999999 0.03928 0.088542
13 0.370768 0.7219329999999999 0.026693 0.076389
15 0.18912799999999996 0.5011570000000001 0.031033 0.078704
16 0.628038 0.25318300000000005 0.067708 0.056134
17 0.18457 0.623553 0.041884 0.089699
5 0.682834 0.164786 0.040582 0.112558
