3 0.741319 0.719184 0.058449 0.066406
3 0.549045 0.513889 0.037905 0.074219
7 0.734664 0.49522600000000006 0.053241 0.044705
7 0.561343 0.39203600000000005 0.046875 0.041016
6 0.2544850000000001 0.821398 0.050637 0.036458
6 0.484086 0.642253 0.045718 0.058811
11 0.75463 0.86122 0.06713 0.052734
8 0.05193899999999996 0.6763239999999999 0.050637 0.041016
9 0.13686299999999996 0.56033 0.066551 0.046007
13 0.147714 0.7455510000000001 0.047164 0.078776
13 0.735966 0.6035159999999999 0.058738 0.103299
12 0.4027780000000001 0.63661 0.088542 0.03928
12 0.27806700000000006 0.629232 0.076389 0.026693
14 0.4988429999999999 0.810872 0.078704 0.031033
17 0.746817 0.371962 0.056134 0.067708
16 0.376447 0.81543 0.089699 0.041884
4 0.835214 0.31716599999999995 0.112558 0.040582
