1 0.802517 0.49012600000000006 0.050058 0.064453
1 0.615596 0.690647 0.041377 0.07921
7 0.797743 0.709961 0.050926 0.049696
7 0.625579 0.815104 0.041667 0.040799
6 0.315249 0.374132 0.059317 0.036024
6 0.548466 0.560764 0.044271 0.059462
9 0.814525 0.3526480000000001 0.06713 0.051215
8 0.09346100000000002 0.518446 0.054398 0.042101
11 0.18547500000000006 0.641276 0.083333 0.046007
13 0.20052099999999995 0.448025 0.054977 0.077474
13 0.798322 0.604275 0.056134 0.104384
12 0.46614599999999995 0.566298 0.087384 0.035373
12 0.33724 0.569227 0.090567 0.034288
14 0.563947 0.39312100000000005 0.084491 0.029297
17 0.808738 0.830729 0.056134 0.06684
16 0.435041 0.38368099999999994 0.096354 0.046441
4 0.898148 0.88878 0.108796 0.041016
