1 0.778646 0.41200100000000006 0.046296 0.066189
1 0.590567 0.609484 0.039931 0.075304
7 0.772425 0.626519 0.051215 0.046875
7 0.602286 0.73112 0.051794 0.050781
6 0.29672999999999994 0.294813 0.048322 0.038845
6 0.52662 0.476888 0.052083 0.057075
9 0.789641 0.275933 0.064236 0.051432
8 0.07306100000000004 0.436632 0.044271 0.045139
11 0.16464100000000004 0.559136 0.071759 0.049262
13 0.182581 0.36924899999999994 0.053241 0.0727
13 0.773727 0.524197 0.053241 0.102214
12 0.4441550000000001 0.485352 0.091435 0.032769
12 0.3192999999999999 0.4898 0.08941 0.035156
14 0.543547 0.313477 0.081308 0.029297
17 0.781973 0.746528 0.057002 0.065104
16 0.41594299999999995 0.306315 0.097512 0.047526
4 0.8682 0.803277 0.110243 0.038411
