0 0.41200100000000006 0.22135400000000005 0.066189 0.046296
0 0.609484 0.40943300000000005 0.075304 0.039931
6 0.626519 0.22757499999999997 0.046875 0.051215
6 0.73112 0.397714 0.050781 0.051794
7 0.294813 0.7032700000000001 0.038845 0.048322
7 0.476888 0.47338 0.057075 0.052083
8 0.275933 0.21035899999999996 0.051432 0.064236
11 0.436632 0.926939 0.045139 0.044271
10 0.559136 0.835359 0.049262 0.071759
12 0.36924899999999994 0.817419 0.0727 0.053241
12 0.524197 0.22627299999999995 0.102214 0.053241
13 0.485352 0.5558449999999999 0.032769 0.091435
13 0.4898 0.6807000000000001 0.035156 0.08941
15 0.313477 0.456453 0.029297 0.081308
16 0.746528 0.21802699999999997 0.065104 0.057002
17 0.306315 0.584057 0.047526 0.097512
5 0.803277 0.13180000000000003 0.038411 0.110243
