2 0.550203 0.70128 0.054688 0.038411
7 0.90191 0.327257 0.035301 0.03125
6 0.7455149999999999 0.702691 0.033275 0.024306
8 0.352286 0.345703 0.050637 0.059896
8 0.422743 0.25954900000000003 0.047454 0.06033
1 0.889178 0.518338 0.040509 0.041016
12 0.83261 0.7007380000000001 0.073206 0.029514
12 0.7199070000000001 0.27039899999999994 0.097801 0.026476
15 0.45298000000000005 0.514214 0.039062 0.047092
17 0.449797 0.6306419999999999 0.037905 0.045573
0 0.5480320000000001 0.45779099999999995 0.058449 0.038845
5 0.898727 0.410373 0.027778 0.064236
5 0.636285 0.38378900000000005 0.041088 0.063585
4 0.6607350000000001 0.700521 0.078993 0.034722
