0 0.20341399999999998 0.794271 0.068287 0.052083
0 0.22280100000000003 0.40668400000000005 0.064815 0.038628
0 0.522859 0.04003900000000005 0.063657 0.043186
0 0.523582 0.806532 0.069734 0.034505
0 0.59158 0.037434999999999996 0.066262 0.040582
6 0.3493919999999999 0.038954000000000044 0.039062 0.044922
6 0.44343200000000005 0.40863700000000003 0.039641 0.038194
7 0.148293 0.335178 0.046007 0.036675
8 0.06930000000000003 0.484375 0.050637 0.074653
10 0.804398 0.756619 0.0625 0.073134
10 0.815972 0.46386700000000003 0.060185 0.074436
10 0.818721 0.18272600000000006 0.062211 0.072049
2 0.23394099999999995 0.03971400000000003 0.065104 0.038194
12 0.20544000000000007 0.12152799999999997 0.086227 0.032552
12 0.38527200000000006 0.805773 0.1114 0.03559
12 0.43648700000000007 0.037434999999999996 0.083623 0.032335
12 0.532118 0.40798599999999996 0.097801 0.03125
13 0.143084 0.608941 0.039641 0.083333
13 0.31684 0.51671 0.056134 0.075087
13 0.709346 0.316732 0.037326 0.098307
15 0.693287 0.6329210000000001 0.043981 0.060981
17 0.695891 0.5180119999999999 0.050926 0.03776
1 0.315828 0.32997 0.050637 0.05013
5 0.15089700000000006 0.19661499999999998 0.044271 0.084635
5 0.30787 0.682183 0.050926 0.066623
5 0.321036 0.17784299999999997 0.047743 0.077908
5 0.717448 0.110352 0.038484 0.07704
