0 0.21571200000000001 0.801107 0.080729 0.05013
0 0.22511599999999998 0.41786 0.072917 0.042318
0 0.513021 0.05989599999999995 0.067708 0.037326
0 0.530237 0.8038190000000001 0.077257 0.032986
0 0.583189 0.057182999999999984 0.067998 0.040148
6 0.34302699999999997 0.05436200000000002 0.043692 0.047092
6 0.443866 0.41742599999999996 0.043403 0.03928
7 0.148003 0.34754799999999997 0.047743 0.040148
8 0.06944400000000006 0.49273 0.053819 0.076172
10 0.79702 0.19726600000000005 0.059317 0.070312
10 0.801071 0.7466360000000001 0.056424 0.069661
10 0.801794 0.46625399999999995 0.063657 0.07704
2 0.22960099999999994 0.05371099999999995 0.072049 0.037543
12 0.20138900000000004 0.135417 0.078125 0.027344
12 0.39843800000000007 0.805447 0.114583 0.036241
12 0.42881900000000006 0.055447000000000024 0.089699 0.028429
12 0.528356 0.415365 0.090278 0.02474
13 0.148872 0.6203339999999999 0.037905 0.091363
13 0.318866 0.5256080000000001 0.051505 0.078559
13 0.698061 0.323893 0.037905 0.089627
15 0.692853 0.631185 0.044271 0.064019
17 0.69213 0.5203990000000001 0.048032 0.046875
1 0.316696 0.339627 0.052373 0.046875
5 0.15002899999999997 0.209418 0.042535 0.079861
5 0.316696 0.686089 0.050637 0.068793
5 0.3192999999999999 0.19249099999999997 0.047164 0.089844
5 0.701389 0.126085 0.040509 0.080729
