2 0.796586 0.205729 0.068287 0.052083
2 0.777199 0.593316 0.064815 0.038628
2 0.47714100000000004 0.959961 0.063657 0.043186
2 0.476418 0.193468 0.069734 0.034505
2 0.40842 0.962565 0.066262 0.040582
6 0.6506080000000001 0.961046 0.039062 0.044922
6 0.556568 0.591363 0.039641 0.038194
7 0.851707 0.664822 0.046007 0.036675
10 0.9307 0.515625 0.050637 0.074653
8 0.19560200000000005 0.243381 0.0625 0.073134
8 0.18402799999999997 0.536133 0.060185 0.074436
8 0.18127899999999997 0.817274 0.062211 0.072049
0 0.766059 0.960286 0.065104 0.038194
12 0.7945599999999999 0.878472 0.086227 0.032552
12 0.6147279999999999 0.194227 0.1114 0.03559
12 0.5635129999999999 0.962565 0.083623 0.032335
12 0.467882 0.592014 0.097801 0.03125
13 0.856916 0.391059 0.039641 0.083333
13 0.68316 0.48329 0.056134 0.075087
13 0.29065399999999997 0.683268 0.037326 0.098307
15 0.306713 0.367079 0.043981 0.060981
17 0.30410899999999996 0.481988 0.050926 0.03776
3 0.684172 0.67003 0.050637 0.05013
5 0.8491029999999999 0.803385 0.044271 0.084635
5 0.69213 0.317817 0.050926 0.066623
5 0.678964 0.822157 0.047743 0.077908
5 0.282552 0.889648 0.038484 0.07704
