2 0.40668400000000005 0.277886 0.081887 0.053602
7 0.89294 0.817925 0.048032 0.046007
6 0.686632 0.282227 0.046296 0.035373
8 0.10329900000000003 0.785048 0.076389 0.087023
8 0.20703099999999997 0.914062 0.077257 0.097222
3 0.878038 0.545356 0.051215 0.056424
12 0.803096 0.289714 0.097512 0.042101
12 0.634838 0.897569 0.129051 0.040365
15 0.259838 0.542969 0.056713 0.067274
17 0.26027199999999995 0.377279 0.057581 0.065755
0 0.39843799999999996 0.625109 0.083912 0.059679
5 0.891059 0.698893 0.039641 0.091797
5 0.5201100000000001 0.738607 0.061053 0.094835
4 0.565538 0.282118 0.111979 0.046441
