0 0.506366 0.18782600000000005 0.074074 0.047526
7 0.10040499999999997 0.6199 0.040509 0.040582
6 0.27748799999999996 0.18999600000000005 0.039931 0.029297
10 0.737124 0.60753 0.061053 0.076172
10 0.646846 0.707248 0.057581 0.076823
3 0.11617500000000003 0.40483899999999995 0.041956 0.049262
12 0.180411 0.19520399999999993 0.083044 0.035807
12 0.30295099999999997 0.687609 0.104745 0.035373
15 0.617332 0.408203 0.046007 0.056424
17 0.621238 0.2700739999999999 0.050926 0.053602
2 0.499711 0.472982 0.070602 0.046224
5 0.10517900000000002 0.525391 0.032697 0.074653
5 0.4006080000000001 0.559896 0.051794 0.072483
4 0.375579 0.19227400000000006 0.095486 0.040365
