0 0.18634300000000004 0.904731 0.06713 0.052083
0 0.20182299999999997 0.518555 0.06684 0.041884
0 0.500723 0.152995 0.065104 0.042101
0 0.50463 0.918728 0.065394 0.038411
0 0.572193 0.14963099999999996 0.061632 0.040582
6 0.33072900000000005 0.15169299999999997 0.040509 0.044705
6 0.4230320000000001 0.521593 0.038194 0.038411
7 0.13093200000000005 0.446723 0.04485 0.035807
8 0.050203 0.595269 0.047164 0.072483
10 0.783131 0.8702259999999999 0.058738 0.072917
10 0.794416 0.576823 0.061632 0.075521
10 0.800347 0.296115 0.054977 0.073568
2 0.21571200000000001 0.152018 0.063368 0.037977
12 0.18836799999999998 0.232205 0.082755 0.032118
12 0.36472799999999994 0.916884 0.105613 0.034722
12 0.416667 0.14898 0.083333 0.034071
12 0.511863 0.521701 0.092014 0.032118
13 0.12673599999999996 0.7221139999999999 0.039352 0.086155
13 0.296296 0.6284719999999999 0.058449 0.077257
13 0.689381 0.431532 0.037326 0.096571
15 0.67173 0.747938 0.0489 0.052734
17 0.677083 0.632378 0.04919 0.046007
1 0.29485000000000006 0.442925 0.051505 0.046007
5 0.13368099999999994 0.30902799999999997 0.043981 0.078993
5 0.29079900000000003 0.791884 0.049769 0.070747
5 0.30309600000000003 0.29112400000000005 0.046586 0.077908
5 0.697483 0.22222200000000003 0.038484 0.078993
