2 0.493634 0.812174 0.074074 0.047526
7 0.899595 0.3801 0.040509 0.040582
6 0.722512 0.810004 0.039931 0.029297
8 0.262876 0.39247 0.061053 0.076172
8 0.35315399999999997 0.292752 0.057581 0.076823
1 0.883825 0.595161 0.041956 0.049262
12 0.819589 0.8047960000000001 0.083044 0.035807
12 0.697049 0.312391 0.104745 0.035373
15 0.382668 0.591797 0.046007 0.056424
17 0.37876200000000004 0.7299260000000001 0.050926 0.053602
0 0.500289 0.527018 0.070602 0.046224
5 0.894821 0.47460899999999995 0.032697 0.074653
5 0.5993919999999999 0.44010400000000005 0.051794 0.072483
4 0.624421 0.8077259999999999 0.095486 0.040365
