1 0.801107 0.215712 0.05013 0.080729
1 0.41786 0.225116 0.042318 0.072917
1 0.05989599999999995 0.513021 0.037326 0.067708
1 0.8038190000000001 0.530237 0.032986 0.077257
1 0.057182999999999984 0.583189 0.040148 0.067998
7 0.05436200000000002 0.343027 0.047092 0.043692
7 0.41742599999999996 0.443866 0.03928 0.043403
6 0.34754799999999997 0.148003 0.040148 0.047743
9 0.49273 0.069444 0.076172 0.053819
11 0.19726600000000005 0.79702 0.070312 0.059317
11 0.7466360000000001 0.801071 0.069661 0.056424
11 0.46625399999999995 0.801794 0.07704 0.063657
3 0.05371099999999995 0.229601 0.037543 0.072049
13 0.135417 0.201389 0.027344 0.078125
13 0.805447 0.398438 0.036241 0.114583
13 0.055447000000000024 0.428819 0.028429 0.089699
13 0.415365 0.528356 0.02474 0.090278
12 0.6203339999999999 0.148872 0.091363 0.037905
12 0.5256080000000001 0.318866 0.078559 0.051505
12 0.323893 0.698061 0.089627 0.037905
14 0.631185 0.692853 0.064019 0.044271
16 0.5203990000000001 0.69213 0.046875 0.048032
0 0.339627 0.316696 0.046875 0.052373
4 0.209418 0.150029 0.079861 0.042535
4 0.686089 0.316696 0.068793 0.050637
4 0.19249099999999997 0.3193 0.089844 0.047164
4 0.126085 0.701389 0.080729 0.040509
