3 0.09526900000000005 0.813657 0.052083 0.06713
3 0.481445 0.798177 0.041884 0.06684
3 0.847005 0.49927699999999997 0.042101 0.065104
3 0.08127200000000001 0.49537 0.038411 0.065394
3 0.850369 0.42780700000000005 0.040582 0.061632
7 0.848307 0.669271 0.044705 0.040509
7 0.478407 0.5769679999999999 0.038411 0.038194
6 0.553277 0.869068 0.035807 0.04485
11 0.40473099999999995 0.949797 0.072483 0.047164
9 0.12977400000000006 0.21686899999999998 0.072917 0.058738
9 0.423177 0.205584 0.075521 0.061632
9 0.703885 0.19965299999999997 0.073568 0.054977
1 0.847982 0.784288 0.037977 0.063368
13 0.767795 0.811632 0.032118 0.082755
13 0.08311599999999997 0.6352720000000001 0.034722 0.105613
13 0.85102 0.583333 0.034071 0.083333
13 0.47829900000000003 0.48813700000000004 0.032118 0.092014
12 0.2778860000000001 0.873264 0.086155 0.039352
12 0.3715280000000001 0.703704 0.077257 0.058449
12 0.568468 0.310619 0.096571 0.037326
14 0.252062 0.32826999999999995 0.052734 0.0489
16 0.367622 0.322917 0.046007 0.04919
2 0.557075 0.7051499999999999 0.046007 0.051505
4 0.690972 0.8663190000000001 0.078993 0.043981
4 0.20811599999999997 0.709201 0.070747 0.049769
4 0.708876 0.696904 0.077908 0.046586
4 0.777778 0.30251700000000004 0.078993 0.038484
