3 0.904731 0.813657 0.052083 0.06713
3 0.518555 0.798177 0.041884 0.06684
3 0.152995 0.49927699999999997 0.042101 0.065104
3 0.918728 0.49537 0.038411 0.065394
3 0.14963099999999996 0.42780700000000005 0.040582 0.061632
7 0.15169299999999997 0.669271 0.044705 0.040509
7 0.521593 0.5769679999999999 0.038411 0.038194
6 0.446723 0.869068 0.035807 0.04485
11 0.595269 0.949797 0.072483 0.047164
9 0.8702259999999999 0.21686899999999998 0.072917 0.058738
9 0.576823 0.205584 0.075521 0.061632
9 0.296115 0.19965299999999997 0.073568 0.054977
1 0.152018 0.784288 0.037977 0.063368
13 0.232205 0.811632 0.032118 0.082755
13 0.916884 0.6352720000000001 0.034722 0.105613
13 0.14898 0.583333 0.034071 0.083333
13 0.521701 0.48813700000000004 0.032118 0.092014
12 0.7221139999999999 0.873264 0.086155 0.039352
12 0.6284719999999999 0.703704 0.077257 0.058449
12 0.431532 0.310619 0.096571 0.037326
14 0.747938 0.32826999999999995 0.052734 0.0489
16 0.632378 0.322917 0.046007 0.04919
0 0.442925 0.7051499999999999 0.046007 0.051505
4 0.30902799999999997 0.8663190000000001 0.078993 0.043981
4 0.791884 0.709201 0.070747 0.049769
4 0.29112400000000005 0.696904 0.077908 0.046586
4 0.22222200000000003 0.30251700000000004 0.078993 0.038484
