2 0.813657 0.904731 0.06713 0.052083
2 0.798177 0.518555 0.06684 0.041884
2 0.49927699999999997 0.152995 0.065104 0.042101
2 0.49537 0.918728 0.065394 0.038411
2 0.42780700000000005 0.14963099999999996 0.061632 0.040582
6 0.669271 0.15169299999999997 0.040509 0.044705
6 0.5769679999999999 0.521593 0.038194 0.038411
7 0.869068 0.446723 0.04485 0.035807
10 0.949797 0.595269 0.047164 0.072483
8 0.21686899999999998 0.8702259999999999 0.058738 0.072917
8 0.205584 0.576823 0.061632 0.075521
8 0.19965299999999997 0.296115 0.054977 0.073568
0 0.784288 0.152018 0.063368 0.037977
12 0.811632 0.232205 0.082755 0.032118
12 0.6352720000000001 0.916884 0.105613 0.034722
12 0.583333 0.14898 0.083333 0.034071
12 0.48813700000000004 0.521701 0.092014 0.032118
13 0.873264 0.7221139999999999 0.039352 0.086155
13 0.703704 0.6284719999999999 0.058449 0.077257
13 0.310619 0.431532 0.037326 0.096571
15 0.32826999999999995 0.747938 0.0489 0.052734
17 0.322917 0.632378 0.04919 0.046007
1 0.7051499999999999 0.442925 0.051505 0.046007
5 0.8663190000000001 0.30902799999999997 0.043981 0.078993
5 0.709201 0.791884 0.049769 0.070747
5 0.696904 0.29112400000000005 0.046586 0.077908
5 0.30251700000000004 0.22222200000000003 0.038484 0.078993
