0 0.593316 0.2778860000000001 0.081887 0.053602
7 0.10706000000000004 0.817925 0.048032 0.046007
6 0.313368 0.282227 0.046296 0.035373
10 0.896701 0.785048 0.076389 0.087023
10 0.792969 0.914062 0.077257 0.097222
3 0.12196200000000001 0.545356 0.051215 0.056424
12 0.19690399999999997 0.289714 0.097512 0.042101
12 0.365162 0.897569 0.129051 0.040365
15 0.740162 0.542969 0.056713 0.067274
17 0.739728 0.3772789999999999 0.057581 0.065755
2 0.601562 0.625109 0.083912 0.059679
5 0.10894099999999995 0.698893 0.039641 0.091797
5 0.4798899999999999 0.738607 0.061053 0.094835
4 0.434462 0.282118 0.111979 0.046441
