2 0.796586 0.794271 0.068287 0.052083
2 0.777199 0.40668400000000005 0.064815 0.038628
2 0.47714100000000004 0.04003900000000005 0.063657 0.043186
2 0.476418 0.806532 0.069734 0.034505
2 0.40842 0.037434999999999996 0.066262 0.040582
6 0.6506080000000001 0.038954000000000044 0.039062 0.044922
6 0.556568 0.40863700000000003 0.039641 0.038194
7 0.851707 0.335178 0.046007 0.036675
10 0.9307 0.484375 0.050637 0.074653
8 0.19560200000000005 0.756619 0.0625 0.073134
8 0.18402799999999997 0.46386700000000003 0.060185 0.074436
8 0.18127899999999997 0.18272600000000006 0.062211 0.072049
0 0.766059 0.03971400000000003 0.065104 0.038194
12 0.7945599999999999 0.12152799999999997 0.086227 0.032552
12 0.6147279999999999 0.805773 0.1114 0.03559
12 0.5635129999999999 0.037434999999999996 0.083623 0.032335
12 0.467882 0.40798599999999996 0.097801 0.03125
13 0.856916 0.608941 0.039641 0.083333
13 0.68316 0.51671 0.056134 0.075087
13 0.29065399999999997 0.316732 0.037326 0.098307
15 0.306713 0.6329210000000001 0.043981 0.060981
17 0.30410899999999996 0.5180119999999999 0.050926 0.03776
1 0.684172 0.32997 0.050637 0.05013
5 0.8491029999999999 0.19661499999999998 0.044271 0.084635
5 0.69213 0.682183 0.050926 0.066623
5 0.678964 0.17784299999999997 0.047743 0.077908
5 0.282552 0.110352 0.038484 0.07704
