3 0.801107 0.784288 0.05013 0.080729
3 0.41786 0.774884 0.042318 0.072917
3 0.05989599999999995 0.48697900000000005 0.037326 0.067708
3 0.8038190000000001 0.46976300000000004 0.032986 0.077257
3 0.057182999999999984 0.41681100000000004 0.040148 0.067998
7 0.05436200000000002 0.656973 0.047092 0.043692
7 0.41742599999999996 0.556134 0.03928 0.043403
6 0.34754799999999997 0.851997 0.040148 0.047743
11 0.49273 0.9305559999999999 0.076172 0.053819
9 0.19726600000000005 0.20298000000000005 0.070312 0.059317
9 0.7466360000000001 0.19892900000000002 0.069661 0.056424
9 0.46625399999999995 0.198206 0.07704 0.063657
1 0.05371099999999995 0.7703990000000001 0.037543 0.072049
13 0.135417 0.798611 0.027344 0.078125
13 0.805447 0.6015619999999999 0.036241 0.114583
13 0.055447000000000024 0.5711809999999999 0.028429 0.089699
13 0.415365 0.47164399999999995 0.02474 0.090278
12 0.6203339999999999 0.851128 0.091363 0.037905
12 0.5256080000000001 0.681134 0.078559 0.051505
12 0.323893 0.30193899999999996 0.089627 0.037905
14 0.631185 0.30714699999999995 0.064019 0.044271
16 0.5203990000000001 0.30787 0.046875 0.048032
0 0.339627 0.683304 0.046875 0.052373
4 0.209418 0.849971 0.079861 0.042535
4 0.686089 0.683304 0.068793 0.050637
4 0.19249099999999997 0.6807000000000001 0.089844 0.047164
4 0.126085 0.29861099999999996 0.080729 0.040509
