3 0.70128 0.550203 0.038411 0.054688
6 0.327257 0.90191 0.03125 0.035301
7 0.702691 0.7455149999999999 0.024306 0.033275
9 0.345703 0.352286 0.059896 0.050637
9 0.25954900000000003 0.422743 0.06033 0.047454
0 0.518338 0.889178 0.041016 0.040509
13 0.7007380000000001 0.83261 0.029514 0.073206
13 0.27039899999999994 0.7199070000000001 0.026476 0.097801
14 0.514214 0.45298000000000005 0.047092 0.039062
16 0.6306419999999999 0.449797 0.045573 0.037905
1 0.45779099999999995 0.5480320000000001 0.038845 0.058449
4 0.410373 0.898727 0.064236 0.027778
4 0.38378900000000005 0.636285 0.063585 0.041088
5 0.700521 0.6607350000000001 0.034722 0.078993
