1 0.904731 0.186343 0.052083 0.06713
1 0.518555 0.201823 0.041884 0.06684
1 0.152995 0.500723 0.042101 0.065104
1 0.918728 0.50463 0.038411 0.065394
1 0.14963099999999996 0.572193 0.040582 0.061632
7 0.15169299999999997 0.330729 0.044705 0.040509
7 0.521593 0.423032 0.038411 0.038194
6 0.446723 0.130932 0.035807 0.04485
9 0.595269 0.050203 0.072483 0.047164
11 0.8702259999999999 0.783131 0.072917 0.058738
11 0.576823 0.794416 0.075521 0.061632
11 0.296115 0.800347 0.073568 0.054977
3 0.152018 0.215712 0.037977 0.063368
13 0.232205 0.188368 0.032118 0.082755
13 0.916884 0.364728 0.034722 0.105613
13 0.14898 0.416667 0.034071 0.083333
13 0.521701 0.511863 0.032118 0.092014
12 0.7221139999999999 0.126736 0.086155 0.039352
12 0.6284719999999999 0.296296 0.077257 0.058449
12 0.431532 0.689381 0.096571 0.037326
14 0.747938 0.67173 0.052734 0.0489
16 0.632378 0.677083 0.046007 0.04919
0 0.442925 0.29485 0.046007 0.051505
4 0.30902799999999997 0.133681 0.078993 0.043981
4 0.791884 0.290799 0.070747 0.049769
4 0.29112400000000005 0.303096 0.077908 0.046586
4 0.22222200000000003 0.697483 0.078993 0.038484
