3 0.20572900000000005 0.796586 0.052083 0.068287
3 0.593316 0.777199 0.038628 0.064815
3 0.959961 0.47714100000000004 0.043186 0.063657
3 0.19346799999999997 0.476418 0.034505 0.069734
3 0.962565 0.40842 0.040582 0.066262
7 0.961046 0.6506080000000001 0.044922 0.039062
7 0.591363 0.556568 0.038194 0.039641
6 0.664822 0.851707 0.036675 0.046007
11 0.515625 0.9307 0.074653 0.050637
9 0.24338099999999996 0.19560200000000005 0.073134 0.0625
9 0.536133 0.18402799999999997 0.074436 0.060185
9 0.817274 0.18127899999999997 0.072049 0.062211
1 0.960286 0.766059 0.038194 0.065104
13 0.878472 0.7945599999999999 0.032552 0.086227
13 0.19422700000000004 0.6147279999999999 0.03559 0.1114
13 0.962565 0.5635129999999999 0.032335 0.083623
13 0.592014 0.467882 0.03125 0.097801
12 0.39105900000000005 0.856916 0.083333 0.039641
12 0.48329 0.68316 0.075087 0.056134
12 0.683268 0.29065399999999997 0.098307 0.037326
14 0.36707899999999993 0.306713 0.060981 0.043981
16 0.4819880000000001 0.30410899999999996 0.03776 0.050926
2 0.67003 0.684172 0.05013 0.050637
4 0.803385 0.8491029999999999 0.084635 0.044271
4 0.317817 0.69213 0.066623 0.050926
4 0.822157 0.678964 0.077908 0.047743
4 0.889648 0.282552 0.07704 0.038484
