1 0.09526900000000005 0.18634300000000004 0.052083 0.06713
1 0.481445 0.20182299999999997 0.041884 0.06684
1 0.847005 0.500723 0.042101 0.065104
1 0.08127200000000001 0.50463 0.038411 0.065394
1 0.850369 0.572193 0.040582 0.061632
7 0.848307 0.33072900000000005 0.044705 0.040509
7 0.478407 0.4230320000000001 0.038411 0.038194
6 0.553277 0.13093200000000005 0.035807 0.04485
9 0.40473099999999995 0.050203 0.072483 0.047164
11 0.12977400000000006 0.783131 0.072917 0.058738
11 0.423177 0.794416 0.075521 0.061632
11 0.703885 0.800347 0.073568 0.054977
3 0.847982 0.21571200000000001 0.037977 0.063368
13 0.767795 0.18836799999999998 0.032118 0.082755
13 0.08311599999999997 0.36472799999999994 0.034722 0.105613
13 0.85102 0.416667 0.034071 0.083333
13 0.47829900000000003 0.511863 0.032118 0.092014
12 0.2778860000000001 0.12673599999999996 0.086155 0.039352
12 0.3715280000000001 0.296296 0.077257 0.058449
12 0.568468 0.689381 0.096571 0.037326
14 0.252062 0.67173 0.052734 0.0489
16 0.367622 0.677083 0.046007 0.04919
2 0.557075 0.29485000000000006 0.046007 0.051505
4 0.690972 0.13368099999999994 0.078993 0.043981
4 0.20811599999999997 0.29079900000000003 0.070747 0.049769
4 0.708876 0.30309600000000003 0.077908 0.046586
4 0.777778 0.697483 0.078993 0.038484
