2 0.784288 0.198893 0.080729 0.05013
2 0.774884 0.58214 0.072917 0.042318
2 0.48697900000000005 0.940104 0.067708 0.037326
2 0.46976300000000004 0.196181 0.077257 0.032986
2 0.41681100000000004 0.942817 0.067998 0.040148
6 0.656973 0.945638 0.043692 0.047092
6 0.556134 0.582574 0.043403 0.03928
7 0.851997 0.652452 0.047743 0.040148
10 0.9305559999999999 0.50727 0.053819 0.076172
8 0.20298000000000005 0.802734 0.059317 0.070312
8 0.19892900000000002 0.253364 0.056424 0.069661
8 0.198206 0.533746 0.063657 0.07704
0 0.7703990000000001 0.946289 0.072049 0.037543
12 0.798611 0.864583 0.078125 0.027344
12 0.6015619999999999 0.194553 0.114583 0.036241
12 0.5711809999999999 0.944553 0.089699 0.028429
12 0.47164399999999995 0.584635 0.090278 0.02474
13 0.851128 0.379666 0.037905 0.091363
13 0.681134 0.474392 0.051505 0.078559
13 0.30193899999999996 0.676107 0.037905 0.089627
15 0.30714699999999995 0.368815 0.044271 0.064019
17 0.30787 0.479601 0.048032 0.046875
3 0.683304 0.660373 0.052373 0.046875
5 0.849971 0.790582 0.042535 0.079861
5 0.683304 0.313911 0.050637 0.068793
5 0.6807000000000001 0.807509 0.047164 0.089844
5 0.29861099999999996 0.873915 0.040509 0.080729
