0 0.186343 0.095269 0.06713 0.052083
0 0.201823 0.481445 0.06684 0.041884
0 0.500723 0.847005 0.065104 0.042101
0 0.50463 0.081272 0.065394 0.038411
0 0.572193 0.850369 0.061632 0.040582
6 0.330729 0.848307 0.040509 0.044705
6 0.423032 0.478407 0.038194 0.038411
7 0.130932 0.553277 0.04485 0.035807
8 0.050203 0.404731 0.047164 0.072483
10 0.783131 0.129774 0.058738 0.072917
10 0.794416 0.423177 0.061632 0.075521
10 0.800347 0.703885 0.054977 0.073568
2 0.215712 0.847982 0.063368 0.037977
12 0.188368 0.767795 0.082755 0.032118
12 0.364728 0.083116 0.105613 0.034722
12 0.416667 0.85102 0.083333 0.034071
12 0.511863 0.478299 0.092014 0.032118
13 0.126736 0.277886 0.039352 0.086155
13 0.296296 0.371528 0.058449 0.077257
13 0.689381 0.568468 0.037326 0.096571
15 0.67173 0.252062 0.0489 0.052734
17 0.677083 0.367622 0.04919 0.046007
3 0.29485 0.557075 0.051505 0.046007
5 0.133681 0.690972 0.043981 0.078993
5 0.290799 0.208116 0.049769 0.070747
5 0.303096 0.708876 0.046586 0.077908
5 0.697483 0.777778 0.038484 0.078993
