2 0.493634 0.187826 0.074074 0.047526
7 0.899595 0.6199 0.040509 0.040582
6 0.722512 0.189996 0.039931 0.029297
8 0.262876 0.60753 0.061053 0.076172
8 0.35315399999999997 0.707248 0.057581 0.076823
3 0.883825 0.404839 0.041956 0.049262
12 0.819589 0.195204 0.083044 0.035807
12 0.697049 0.687609 0.104745 0.035373
15 0.382668 0.408203 0.046007 0.056424
17 0.37876200000000004 0.270074 0.050926 0.053602
0 0.500289 0.472982 0.070602 0.046224
5 0.894821 0.525391 0.032697 0.074653
5 0.5993919999999999 0.559896 0.051794 0.072483
4 0.624421 0.192274 0.095486 0.040365
