0 0.506366 0.812174 0.074074 0.047526
7 0.10040499999999997 0.3801 0.040509 0.040582
6 0.27748799999999996 0.810004 0.039931 0.029297
10 0.737124 0.39247 0.061053 0.076172
10 0.646846 0.292752 0.057581 0.076823
1 0.11617500000000003 0.595161 0.041956 0.049262
12 0.180411 0.8047960000000001 0.083044 0.035807
12 0.30295099999999997 0.312391 0.104745 0.035373
15 0.617332 0.591797 0.046007 0.056424
17 0.621238 0.7299260000000001 0.050926 0.053602
2 0.499711 0.527018 0.070602 0.046224
5 0.10517900000000002 0.47460899999999995 0.032697 0.074653
5 0.4006080000000001 0.44010400000000005 0.051794 0.072483
4 0.375579 0.8077259999999999 0.095486 0.040365
