1 0.7221139999999999 0.593316 0.053602 0.081887
6 0.182075 0.10706 0.046007 0.048032
7 0.717773 0.313368 0.035373 0.046296
11 0.21495200000000003 0.896701 0.087023 0.076389
11 0.08593799999999996 0.792969 0.097222 0.077257
0 0.45464400000000005 0.121962 0.056424 0.051215
13 0.710286 0.196904 0.042101 0.097512
13 0.10243100000000005 0.365162 0.040365 0.129051
14 0.45703099999999997 0.740162 0.067274 0.056713
16 0.6227210000000001 0.739728 0.065755 0.057581
3 0.374891 0.601562 0.059679 0.083912
4 0.301107 0.108941 0.091797 0.039641
4 0.261393 0.47989 0.094835 0.061053
5 0.717882 0.434462 0.046441 0.111979
