0 0.449797 0.70128 0.054688 0.038411
7 0.09809000000000001 0.327257 0.035301 0.03125
6 0.2544850000000001 0.702691 0.033275 0.024306
10 0.647714 0.345703 0.050637 0.059896
10 0.577257 0.25954900000000003 0.047454 0.06033
1 0.11082199999999998 0.518338 0.040509 0.041016
12 0.16739000000000004 0.7007380000000001 0.073206 0.029514
12 0.2800929999999999 0.27039899999999994 0.097801 0.026476
15 0.54702 0.514214 0.039062 0.047092
17 0.550203 0.6306419999999999 0.037905 0.045573
2 0.4519679999999999 0.45779099999999995 0.058449 0.038845
5 0.10127299999999995 0.410373 0.027778 0.064236
5 0.363715 0.38378900000000005 0.041088 0.063585
4 0.3392649999999999 0.700521 0.078993 0.034722
