1 0.812174 0.506366 0.047526 0.074074
6 0.3801 0.100405 0.040582 0.040509
7 0.810004 0.277488 0.029297 0.039931
11 0.39247 0.737124 0.076172 0.061053
11 0.292752 0.646846 0.076823 0.057581
0 0.595161 0.116175 0.049262 0.041956
13 0.8047960000000001 0.180411 0.035807 0.083044
13 0.312391 0.302951 0.035373 0.104745
14 0.591797 0.617332 0.056424 0.046007
16 0.7299260000000001 0.621238 0.053602 0.050926
3 0.527018 0.499711 0.046224 0.070602
4 0.47460899999999995 0.105179 0.074653 0.032697
4 0.44010400000000005 0.400608 0.072483 0.051794
5 0.8077259999999999 0.375579 0.040365 0.095486
