3 0.2778860000000001 0.40668400000000005 0.053602 0.081887
6 0.817925 0.89294 0.046007 0.048032
7 0.282227 0.686632 0.035373 0.046296
9 0.785048 0.10329900000000003 0.087023 0.076389
9 0.914062 0.20703099999999997 0.097222 0.077257
2 0.545356 0.878038 0.056424 0.051215
13 0.289714 0.803096 0.042101 0.097512
13 0.897569 0.634838 0.040365 0.129051
14 0.542969 0.259838 0.067274 0.056713
16 0.3772789999999999 0.26027199999999995 0.065755 0.057581
1 0.625109 0.39843799999999996 0.059679 0.083912
4 0.698893 0.891059 0.091797 0.039641
4 0.738607 0.5201100000000001 0.094835 0.061053
5 0.282118 0.565538 0.046441 0.111979
