1 0.20572900000000005 0.20341399999999998 0.052083 0.068287
1 0.593316 0.22280100000000003 0.038628 0.064815
1 0.959961 0.522859 0.043186 0.063657
1 0.19346799999999997 0.523582 0.034505 0.069734
1 0.962565 0.59158 0.040582 0.066262
7 0.961046 0.3493919999999999 0.044922 0.039062
7 0.591363 0.44343200000000005 0.038194 0.039641
6 0.664822 0.148293 0.036675 0.046007
9 0.515625 0.06930000000000003 0.074653 0.050637
11 0.24338099999999996 0.804398 0.073134 0.0625
11 0.536133 0.815972 0.074436 0.060185
11 0.817274 0.818721 0.072049 0.062211
3 0.960286 0.23394099999999995 0.038194 0.065104
13 0.878472 0.20544000000000007 0.032552 0.086227
13 0.19422700000000004 0.38527200000000006 0.03559 0.1114
13 0.962565 0.43648700000000007 0.032335 0.083623
13 0.592014 0.532118 0.03125 0.097801
12 0.39105900000000005 0.143084 0.083333 0.039641
12 0.48329 0.31684 0.075087 0.056134
12 0.683268 0.709346 0.098307 0.037326
14 0.36707899999999993 0.693287 0.060981 0.043981
16 0.4819880000000001 0.695891 0.03776 0.050926
2 0.67003 0.315828 0.05013 0.050637
4 0.803385 0.15089700000000006 0.084635 0.044271
4 0.317817 0.30787 0.066623 0.050926
4 0.822157 0.321036 0.077908 0.047743
4 0.889648 0.717448 0.07704 0.038484
