3 0.198893 0.784288 0.05013 0.080729
3 0.58214 0.774884 0.042318 0.072917
3 0.940104 0.48697900000000005 0.037326 0.067708
3 0.19618099999999994 0.46976300000000004 0.032986 0.077257
3 0.942817 0.41681100000000004 0.040148 0.067998
7 0.945638 0.656973 0.047092 0.043692
7 0.582574 0.556134 0.03928 0.043403
6 0.652452 0.851997 0.040148 0.047743
11 0.50727 0.9305559999999999 0.076172 0.053819
9 0.802734 0.20298000000000005 0.070312 0.059317
9 0.2533639999999999 0.19892900000000002 0.069661 0.056424
9 0.533746 0.198206 0.07704 0.063657
1 0.946289 0.7703990000000001 0.037543 0.072049
13 0.864583 0.798611 0.027344 0.078125
13 0.19455299999999998 0.6015619999999999 0.036241 0.114583
13 0.944553 0.5711809999999999 0.028429 0.089699
13 0.584635 0.47164399999999995 0.02474 0.090278
12 0.37966600000000006 0.851128 0.091363 0.037905
12 0.4743919999999999 0.681134 0.078559 0.051505
12 0.676107 0.30193899999999996 0.089627 0.037905
14 0.368815 0.30714699999999995 0.064019 0.044271
16 0.47960099999999994 0.30787 0.046875 0.048032
2 0.660373 0.683304 0.046875 0.052373
4 0.790582 0.849971 0.079861 0.042535
4 0.31391100000000005 0.683304 0.068793 0.050637
4 0.807509 0.6807000000000001 0.089844 0.047164
4 0.873915 0.29861099999999996 0.080729 0.040509
