3 0.18782600000000005 0.493634 0.047526 0.074074
6 0.6199 0.899595 0.040582 0.040509
7 0.18999600000000005 0.722512 0.029297 0.039931
9 0.60753 0.262876 0.076172 0.061053
9 0.707248 0.35315399999999997 0.076823 0.057581
2 0.40483899999999995 0.883825 0.049262 0.041956
13 0.19520399999999993 0.819589 0.035807 0.083044
13 0.687609 0.697049 0.035373 0.104745
14 0.408203 0.382668 0.056424 0.046007
16 0.2700739999999999 0.37876200000000004 0.053602 0.050926
1 0.472982 0.500289 0.046224 0.070602
4 0.525391 0.894821 0.074653 0.032697
4 0.559896 0.5993919999999999 0.072483 0.051794
5 0.19227400000000006 0.624421 0.040365 0.095486
