0 0.203414 0.205729 0.068287 0.052083
0 0.222801 0.593316 0.064815 0.038628
0 0.522859 0.959961 0.063657 0.043186
0 0.523582 0.193468 0.069734 0.034505
0 0.59158 0.962565 0.066262 0.040582
6 0.349392 0.961046 0.039062 0.044922
6 0.443432 0.591363 0.039641 0.038194
7 0.148293 0.664822 0.046007 0.036675
8 0.0693 0.515625 0.050637 0.074653
10 0.804398 0.243381 0.0625 0.073134
10 0.815972 0.536133 0.060185 0.074436
10 0.818721 0.817274 0.062211 0.072049
2 0.233941 0.960286 0.065104 0.038194
12 0.20544 0.878472 0.086227 0.032552
12 0.385272 0.194227 0.1114 0.03559
12 0.436487 0.962565 0.083623 0.032335
12 0.532118 0.592014 0.097801 0.03125
13 0.143084 0.391059 0.039641 0.083333
13 0.31684 0.48329 0.056134 0.075087
13 0.709346 0.683268 0.037326 0.098307
15 0.693287 0.367079 0.043981 0.060981
17 0.695891 0.481988 0.050926 0.03776
3 0.315828 0.67003 0.050637 0.05013
5 0.150897 0.803385 0.044271 0.084635
5 0.30787 0.317817 0.050926 0.066623
5 0.321036 0.822157 0.047743 0.077908
5 0.717448 0.889648 0.038484 0.07704
