3 0.794271 0.796586 0.052083 0.068287
3 0.40668400000000005 0.777199 0.038628 0.064815
3 0.04003900000000005 0.47714100000000004 0.043186 0.063657
3 0.806532 0.476418 0.034505 0.069734
3 0.037434999999999996 0.40842 0.040582 0.066262
7 0.038954000000000044 0.6506080000000001 0.044922 0.039062
7 0.40863700000000003 0.556568 0.038194 0.039641
6 0.335178 0.851707 0.036675 0.046007
11 0.484375 0.9307 0.074653 0.050637
9 0.756619 0.19560200000000005 0.073134 0.0625
9 0.46386700000000003 0.18402799999999997 0.074436 0.060185
9 0.18272600000000006 0.18127899999999997 0.072049 0.062211
1 0.03971400000000003 0.766059 0.038194 0.065104
13 0.12152799999999997 0.7945599999999999 0.032552 0.086227
13 0.805773 0.6147279999999999 0.03559 0.1114
13 0.037434999999999996 0.5635129999999999 0.032335 0.083623
13 0.40798599999999996 0.467882 0.03125 0.097801
12 0.608941 0.856916 0.083333 0.039641
12 0.51671 0.68316 0.075087 0.056134
12 0.316732 0.29065399999999997 0.098307 0.037326
14 0.6329210000000001 0.306713 0.060981 0.043981
16 0.5180119999999999 0.30410899999999996 0.03776 0.050926
0 0.32997 0.684172 0.05013 0.050637
4 0.19661499999999998 0.8491029999999999 0.084635 0.044271
4 0.682183 0.69213 0.066623 0.050926
4 0.17784299999999997 0.678964 0.077908 0.047743
4 0.110352 0.282552 0.07704 0.038484
