2 0.784288 0.801107 0.080729 0.05013
2 0.774884 0.41786 0.072917 0.042318
2 0.48697900000000005 0.05989599999999995 0.067708 0.037326
2 0.46976300000000004 0.8038190000000001 0.077257 0.032986
2 0.41681100000000004 0.057182999999999984 0.067998 0.040148
6 0.656973 0.05436200000000002 0.043692 0.047092
6 0.556134 0.41742599999999996 0.043403 0.03928
7 0.851997 0.34754799999999997 0.047743 0.040148
10 0.9305559999999999 0.49273 0.053819 0.076172
8 0.20298000000000005 0.19726600000000005 0.059317 0.070312
8 0.19892900000000002 0.7466360000000001 0.056424 0.069661
8 0.198206 0.46625399999999995 0.063657 0.07704
0 0.7703990000000001 0.05371099999999995 0.072049 0.037543
12 0.798611 0.135417 0.078125 0.027344
12 0.6015619999999999 0.805447 0.114583 0.036241
12 0.5711809999999999 0.055447000000000024 0.089699 0.028429
12 0.47164399999999995 0.415365 0.090278 0.02474
13 0.851128 0.6203339999999999 0.037905 0.091363
13 0.681134 0.5256080000000001 0.051505 0.078559
13 0.30193899999999996 0.323893 0.037905 0.089627
15 0.30714699999999995 0.631185 0.044271 0.064019
17 0.30787 0.5203990000000001 0.048032 0.046875
1 0.683304 0.339627 0.052373 0.046875
5 0.849971 0.209418 0.042535 0.079861
5 0.683304 0.686089 0.050637 0.068793
5 0.6807000000000001 0.19249099999999997 0.047164 0.089844
5 0.29861099999999996 0.126085 0.040509 0.080729
