1 0.198893 0.21571200000000001 0.05013 0.080729
1 0.58214 0.22511599999999998 0.042318 0.072917
1 0.940104 0.513021 0.037326 0.067708
1 0.19618099999999994 0.530237 0.032986 0.077257
1 0.942817 0.583189 0.040148 0.067998
7 0.945638 0.34302699999999997 0.047092 0.043692
7 0.582574 0.443866 0.03928 0.043403
6 0.652452 0.148003 0.040148 0.047743
9 0.50727 0.06944400000000006 0.076172 0.053819
11 0.802734 0.79702 0.070312 0.059317
11 0.2533639999999999 0.801071 0.069661 0.056424
11 0.533746 0.801794 0.07704 0.063657
3 0.946289 0.22960099999999994 0.037543 0.072049
13 0.864583 0.20138900000000004 0.027344 0.078125
13 0.19455299999999998 0.39843800000000007 0.036241 0.114583
13 0.944553 0.42881900000000006 0.028429 0.089699
13 0.584635 0.528356 0.02474 0.090278
12 0.37966600000000006 0.148872 0.091363 0.037905
12 0.4743919999999999 0.318866 0.078559 0.051505
12 0.676107 0.698061 0.089627 0.037905
14 0.368815 0.692853 0.064019 0.044271
16 0.47960099999999994 0.69213 0.046875 0.048032
2 0.660373 0.316696 0.046875 0.052373
4 0.790582 0.15002899999999997 0.079861 0.042535
4 0.31391100000000005 0.316696 0.068793 0.050637
4 0.807509 0.3192999999999999 0.089844 0.047164
4 0.873915 0.701389 0.080729 0.040509
