1 0.794271 0.203414 0.052083 0.068287
1 0.40668400000000005 0.222801 0.038628 0.064815
1 0.04003900000000005 0.522859 0.043186 0.063657
1 0.806532 0.523582 0.034505 0.069734
1 0.037434999999999996 0.59158 0.040582 0.066262
7 0.038954000000000044 0.349392 0.044922 0.039062
7 0.40863700000000003 0.443432 0.038194 0.039641
6 0.335178 0.148293 0.036675 0.046007
9 0.484375 0.0693 0.074653 0.050637
11 0.756619 0.804398 0.073134 0.0625
11 0.46386700000000003 0.815972 0.074436 0.060185
11 0.18272600000000006 0.818721 0.072049 0.062211
3 0.03971400000000003 0.233941 0.038194 0.065104
13 0.12152799999999997 0.20544 0.032552 0.086227
13 0.805773 0.385272 0.03559 0.1114
13 0.037434999999999996 0.436487 0.032335 0.083623
13 0.40798599999999996 0.532118 0.03125 0.097801
12 0.608941 0.143084 0.083333 0.039641
12 0.51671 0.31684 0.075087 0.056134
12 0.316732 0.709346 0.098307 0.037326
14 0.6329210000000001 0.693287 0.060981 0.043981
16 0.5180119999999999 0.695891 0.03776 0.050926
0 0.32997 0.315828 0.05013 0.050637
4 0.19661499999999998 0.150897 0.084635 0.044271
4 0.682183 0.30787 0.066623 0.050926
4 0.17784299999999997 0.321036 0.077908 0.047743
4 0.110352 0.717448 0.07704 0.038484
