0 0.215712 0.198893 0.080729 0.05013
0 0.225116 0.58214 0.072917 0.042318
0 0.513021 0.940104 0.067708 0.037326
0 0.530237 0.196181 0.077257 0.032986
0 0.583189 0.942817 0.067998 0.040148
6 0.343027 0.945638 0.043692 0.047092
6 0.443866 0.582574 0.043403 0.03928
7 0.148003 0.652452 0.047743 0.040148
8 0.069444 0.50727 0.053819 0.076172
10 0.79702 0.802734 0.059317 0.070312
10 0.801071 0.253364 0.056424 0.069661
10 0.801794 0.533746 0.063657 0.07704
2 0.229601 0.946289 0.072049 0.037543
12 0.201389 0.864583 0.078125 0.027344
12 0.398438 0.194553 0.114583 0.036241
12 0.428819 0.944553 0.089699 0.028429
12 0.528356 0.584635 0.090278 0.02474
13 0.148872 0.379666 0.037905 0.091363
13 0.318866 0.474392 0.051505 0.078559
13 0.698061 0.676107 0.037905 0.089627
15 0.692853 0.368815 0.044271 0.064019
17 0.69213 0.479601 0.048032 0.046875
3 0.316696 0.660373 0.052373 0.046875
5 0.150029 0.790582 0.042535 0.079861
5 0.316696 0.313911 0.050637 0.068793
5 0.3193 0.807509 0.047164 0.089844
5 0.701389 0.873915 0.040509 0.080729
